CastaliaResults -i saida.txt -s Packets reception rate -n --all -o2                                                                    

Application:Packets reception rate - total
 | index=1 | index=2 | index=3 | index=4 | index=5
InterfModel=0 | 0.932 | 0.979 | 0.918 | 0.726 | 0.683 
InterfModel=1 | 0.854 | 0.896 | 0.713 | 0.489 | 0.392 
InterfModel=2 | 0.894 | 0.982 | 0.844 | 0.644 | 0.542 
Application:Packets reception rate - all values
 | index=1 | index=2 | index=3 | index=4 | index=5
InterfModel=0 0 | 0.935312 | 0.977659 | 0.910647 | 0.722896 | 0.685425 
InterfModel=0 1 | 0.928976 | 0.979993 | 0.917315 | 0.711562 | 0.687292 
InterfModel=0 2 | 0.926976 | 0.976325 | 0.921316 | 0.731067 | 0.686892 
InterfModel=0 3 | 0.93998 | 0.975992 | 0.920649 | 0.726897 | 0.685958 
InterfModel=0 4 | 0.935312 | 0.982661 | 0.917759 | 0.71099 | 0.693385 
InterfModel=0 5 | 0.935645 | 0.976992 | 0.92265 | 0.751033 | 0.664844 
InterfModel=0 6 | 0.944648 | 0.982661 | 0.916648 | 0.729964 | 0.681424 
InterfModel=0 7 | 0.933645 | 0.976659 | 0.918426 | 0.705427 | 0.712228 
InterfModel=0 8 | 0.926309 | 0.977326 | 0.916426 | 0.725697 | 0.692092 
InterfModel=0 9 | 0.937646 | 0.97099 | 0.919315 | 0.737165 | 0.67689 
InterfModel=0 10 | 0.941981 | 0.982667 | 0.917315 | 0.723393 | 0.676357 
InterfModel=0 11 | 0.934311 | 0.972991 | 0.915759 | 0.72343 | 0.676357 
InterfModel=0 12 | 0.930977 | 0.976992 | 0.927317 | 0.738232 | 0.680757 
InterfModel=0 13 | 0.937646 | 0.97866 | 0.930651 | 0.736365 | 0.660176 
InterfModel=0 14 | 0.925975 | 0.97966 | 0.911314 | 0.720229 | 0.692092 
InterfModel=0 15 | 0.937667 | 0.979326 | 0.919538 | 0.728897 | 0.656621 
InterfModel=0 16 | 0.932311 | 0.977659 | 0.918426 | 0.708189 | 0.681024 
InterfModel=0 17 | 0.930977 | 0.975992 | 0.909313 | 0.708189 | 0.69676 
InterfModel=0 18 | 0.939313 | 0.970657 | 0.914406 | 0.72503 | 0.684091 
InterfModel=0 19 | 0.932333 | 0.979326 | 0.91976 | 0.742766 | 0.684625 
InterfModel=0 20 | 0.933311 | 0.976659 | 0.925761 | 0.712723 | 0.673156 
InterfModel=0 21 | 0.932978 | 0.980327 | 0.908 | 0.717925 | 0.685116 
InterfModel=0 22 | 0.932978 | 0.978 | 0.927095 | 0.7432 | 0.656575 
InterfModel=0 23 | 0.92931 | 0.977326 | 0.918204 | 0.735165 | 0.664977 
InterfModel=0 24 | 0.928643 | 0.982327 | 0.932652 | 0.720629 | 0.685291 
InterfModel=0 25 | 0.927643 | 0.981327 | 0.927984 | 0.740499 | 0.67729 
InterfModel=0 26 | 0.931644 | 0.978993 | 0.918204 | 0.725163 | 0.669689 
InterfModel=0 27 | 0.921641 | 0.978667 | 0.926873 | 0.725297 | 0.683825 
InterfModel=0 28 | 0.932333 | 0.979326 | 0.917759 | 0.715658 | 0.693426 
InterfModel=0 29 | 0.929643 | 0.982994 | 0.918649 | 0.718896 | 0.690892 
InterfModel=0 30 | 0.931977 | 0.979993 | 0.905757 | 0.7364 | 0.685425 
InterfModel=0 31 | 0.928643 | 0.977659 | 0.903979 | 0.716362 | 0.670223 
InterfModel=0 32 | 0.933311 | 0.980994 | 0.919093 | 0.745399 | 0.672623 
InterfModel=0 33 | 0.937312 | 0.977659 | 0.922427 | 0.731431 | 0.680757 
InterfModel=0 34 | 0.934978 | 0.97866 | 0.919982 | 0.720096 | 0.685825 
InterfModel=0 35 | 0.928976 | 0.978993 | 0.91687 | 0.716896 | 0.702094 
InterfModel=0 36 | 0.92 | 0.975992 | 0.90998 | 0.724497 | 0.688984 
InterfModel=0 37 | 0.937979 | 0.977326 | 0.925539 | 0.723696 | 0.681958 
InterfModel=0 38 | 0.928976 | 0.97866 | 0.911758 | 0.738 | 0.677557 
InterfModel=0 39 | 0.927309 | 0.977659 | 0.92665 | 0.729297 | 0.675823 
InterfModel=0 40 | 0.937312 | 0.978326 | 0.922205 | 0.721067 | 0.680181 
InterfModel=0 41 | 0.932978 | 0.983328 | 0.924872 | 0.72623 | 0.692451 
InterfModel=0 42 | 0.922307 | 0.976992 | 0.92465 | 0.714895 | 0.683825 
InterfModel=0 43 | 0.933311 | 0.979 | 0.921316 | 0.7316 | 0.682358 
InterfModel=0 44 | 0.945649 | 0.973324 | 0.911778 | 0.715257 | 0.67729 
InterfModel=0 45 | 0.929977 | 0.98066 | 0.916648 | 0.735831 | 0.679157 
InterfModel=0 46 | 0.925642 | 0.981327 | 0.927762 | 0.709961 | 0.689784 
InterfModel=0 47 | 0.924975 | 0.979993 | 0.916426 | 0.720229 | 0.671023 
InterfModel=0 48 | 0.924308 | 0.975333 | 0.900422 | 0.713524 | 0.682715 
InterfModel=0 49 | 0.932978 | 0.976325 | 0.925984 | 0.719029 | 0.693826 
InterfModel=0 50 | 0.933311 | 0.981661 | 0.91198 | 0.725393 | 0.703388 
InterfModel=0 51 | 0.935979 | 0.978993 | 0.929318 | 0.728061 | 0.689517 
InterfModel=0 52 | 0.928643 | 0.977993 | 0.933778 | 0.731164 | 0.672356 
InterfModel=0 53 | 0.927667 | 0.979993 | 0.915092 | 0.722096 | 0.714495 
InterfModel=0 54 | 0.929643 | 0.982327 | 0.925984 | 0.710761 | 0.669823 
InterfModel=0 55 | 0.933311 | 0.97966 | 0.918649 | 0.734898 | 0.654221 
InterfModel=0 56 | 0.932311 | 0.972991 | 0.91198 | 0.70196 | 0.7068 
InterfModel=0 57 | 0.923975 | 0.976325 | 0.90998 | 0.716362 | 0.699693 
InterfModel=0 58 | 0.927643 | 0.978326 | 0.907556 | 0.737298 | 0.687425 
InterfModel=0 59 | 0.935312 | 0.974658 | 0.928206 | 0.729164 | 0.686183 
InterfModel=0 60 | 0.934645 | 0.97866 | 0.92265 | 0.732498 | 0.69876 
InterfModel=0 61 | 0.935645 | 0.977326 | 0.917315 | 0.737698 | 0.685383 
InterfModel=0 62 | 0.932311 | 0.980994 | 0.903756 | 0.711828 | 0.690892 
InterfModel=0 63 | 0.926667 | 0.979993 | 0.917556 | 0.721963 | 0.690625 
InterfModel=0 64 | 0.936979 | 0.977659 | 0.904423 | 0.734765 | 0.680091 
InterfModel=0 65 | 0.932978 | 0.982327 | 0.91287 | 0.728 | 0.684758 
InterfModel=0 66 | 0.934311 | 0.980327 | 0.919778 | 0.7493 | 0.67769 
InterfModel=0 67 | 0.935312 | 0.981327 | 0.918426 | 0.752767 | 0.657021 
InterfModel=0 68 | 0.929643 | 0.98066 | 0.92665 | 0.72583 | 0.685516 
InterfModel=0 69 | 0.923975 | 0.981327 | 0.911536 | 0.714362 | 0.690759 
InterfModel=0 70 | 0.935979 | 0.975325 | 0.905535 | 0.722059 | 0.673023 
InterfModel=0 71 | 0.93131 | 0.975659 | 0.917537 | 0.738899 | 0.67369 
InterfModel=0 72 | 0.920307 | 0.978326 | 0.92176 | 0.752133 | 0.654754 
InterfModel=0 73 | 0.926309 | 0.97966 | 0.921538 | 0.717867 | 0.692318 
InterfModel=0 74 | 0.931644 | 0.975325 | 0.912425 | 0.743032 | 0.682315 
InterfModel=0 75 | 0.920974 | 0.972667 | 0.923539 | 0.712362 | 0.702494 
InterfModel=0 76 | 0.932978 | 0.982327 | 0.910647 | 0.738899 | 0.681291 
InterfModel=0 77 | 0.938646 | 0.982 | 0.915092 | 0.736098 | 0.664667 
InterfModel=0 78 | 0.918973 | 0.976325 | 0.924222 | 0.72543 | 0.6832 
InterfModel=0 79 | 0.936646 | 0.982661 | 0.920871 | 0.709028 | 0.685425 
InterfModel=0 80 | 0.93998 | 0.976992 | 0.91976 | 0.730231 | 0.697826 
InterfModel=0 81 | 0.927976 | 0.978993 | 0.913314 | 0.739832 | 0.694226 
InterfModel=0 82 | 0.928 | 0.977326 | 0.920871 | 0.731528 | 0.692892 
InterfModel=0 83 | 0.938313 | 0.97966 | 0.920871 | 0.704588 | 0.705561 
InterfModel=0 84 | 0.933 | 0.984995 | 0.922427 | 0.726364 | 0.682224 
InterfModel=0 85 | 0.931644 | 0.976667 | 0.916426 | 0.721163 | 0.674447 
InterfModel=0 86 | 0.927643 | 0.980994 | 0.921316 | 0.731698 | 0.694359 
InterfModel=0 87 | 0.919973 | 0.983667 | 0.916204 | 0.695786 | 0.709828 
InterfModel=0 88 | 0.933978 | 0.977993 | 0.916426 | 0.709561 | 0.706455 
InterfModel=0 89 | 0.933645 | 0.982994 | 0.928444 | 0.7176 | 0.6948 
InterfModel=0 90 | 0.936979 | 0.981327 | 0.920204 | 0.710361 | 0.690892 
InterfModel=0 91 | 0.929977 | 0.981994 | 0.918426 | 0.723926 | 0.685425 
InterfModel=0 92 | 0.934645 | 0.982 | 0.920649 | 0.734898 | 0.671423 
InterfModel=0 93 | 0.92931 | 0.979326 | 0.911314 | 0.739931 | 0.674357 
InterfModel=0 94 | 0.937312 | 0.975325 | 0.932652 | 0.740899 | 0.682758 
InterfModel=0 95 | 0.930977 | 0.976325 | 0.921538 | 0.739832 | 0.654754 
InterfModel=0 96 | 0.932667 | 0.979326 | 0.927984 | 0.735298 | 0.644353 
InterfModel=0 97 | 0.939647 | 0.979993 | 0.921538 | 0.743566 | 0.666889 
InterfModel=0 98 | 0.934 | 0.981333 | 0.89731 | 0.743398 | 0.664044 
InterfModel=0 99 | 0.93998 | 0.979326 | 0.9002 | 0.732631 | 0.693518 
InterfModel=1 0 | 0.854952 | 0.892964 | 0.705712 | 0.484198 | 0.407842 
InterfModel=1 1 | 0.838613 | 0.893631 | 0.707713 | 0.474793 | 0.396639 
InterfModel=1 2 | 0.852 | 0.88963 | 0.69571 | 0.487932 | 0.375917 
InterfModel=1 3 | 0.862287 | 0.893965 | 0.701267 | 0.491598 | 0.388452 
InterfModel=1 4 | 0.859333 | 0.893631 | 0.707713 | 0.502734 | 0.38877 
InterfModel=1 5 | 0.84128 | 0.9013 | 0.736164 | 0.470792 | 0.373383 
InterfModel=1 6 | 0.853618 | 0.900667 | 0.720827 | 0.500533 | 0.391652 
InterfModel=1 7 | 0.870957 | 0.898299 | 0.731274 | 0.483531 | 0.39952 
InterfModel=1 8 | 0.860954 | 0.892297 | 0.730162 | 0.483062 | 0.390852 
InterfModel=1 9 | 0.852618 | 0.893631 | 0.712825 | 0.482864 | 0.39832 
InterfModel=1 10 | 0.838613 | 0.890964 | 0.712603 | 0.490931 | 0.382584 
InterfModel=1 11 | 0.865288 | 0.885295 | 0.682374 | 0.487197 | 0.393386 
InterfModel=1 12 | 0.851284 | 0.900634 | 0.714603 | 0.479931 | 0.398186 
InterfModel=1 13 | 0.828943 | 0.901967 | 0.716604 | 0.480795 | 0.372583 
InterfModel=1 14 | 0.866622 | 0.897966 | 0.703045 | 0.495533 | 0.404321 
InterfModel=1 15 | 0.834612 | 0.903968 | 0.72305 | 0.473263 | 0.398586 
InterfModel=1 16 | 0.860954 | 0.901967 | 0.709936 | 0.484598 | 0.387703 
InterfModel=1 17 | 0.854952 | 0.889296 | 0.713492 | 0.491266 | 0.390452 
InterfModel=1 18 | 0.846949 | 0.893298 | 0.712825 | 0.489799 | 0.397253 
InterfModel=1 19 | 0.855285 | 0.897633 | 0.685708 | 0.483996 | 0.39904 
InterfModel=1 20 | 0.854618 | 0.883 | 0.739942 | 0.480731 | 0.394319 
InterfModel=1 21 | 0.847616 | 0.887963 | 0.714826 | 0.483996 | 0.37645 
InterfModel=1 22 | 0.845615 | 0.909 | 0.753778 | 0.471396 | 0.391067 
InterfModel=1 23 | 0.859953 | 0.907636 | 0.72305 | 0.488065 | 0.414855 
InterfModel=1 24 | 0.846616 | 0.888296 | 0.701711 | 0.480731 | 0.37285 
InterfModel=1 25 | 0.836946 | 0.892964 | 0.718826 | 0.480064 | 0.390104 
InterfModel=1 26 | 0.851951 | 0.897633 | 0.734163 | 0.486865 | 0.390585 
InterfModel=1 27 | 0.843948 | 0.894298 | 0.711936 | 0.485665 | 0.394933 
InterfModel=1 28 | 0.870624 | 0.889963 | 0.699711 | 0.464729 | 0.402507 
InterfModel=1 29 | 0.854285 | 0.906969 | 0.695043 | 0.499133 | 0.396186 
InterfModel=1 30 | 0.850283 | 0.892 | 0.725272 | 0.498266 | 0.393919 
InterfModel=1 31 | 0.857333 | 0.896966 | 0.674594 | 0.495933 | 0.417978 
InterfModel=1 32 | 0.852284 | 0.895632 | 0.715492 | 0.497133 | 0.397333 
InterfModel=1 33 | 0.867623 | 0.903968 | 0.707713 | 0.494066 | 0.413522 
InterfModel=1 34 | 0.856619 | 0.8993 | 0.73683 | 0.477797 | 0.389785 
InterfModel=1 35 | 0.851284 | 0.893965 | 0.698822 | 0.477727 | 0.401253 
InterfModel=1 36 | 0.853951 | 0.909637 | 0.711269 | 0.476197 | 0.403921 
InterfModel=1 37 | 0.856619 | 0.898299 | 0.725939 | 0.480597 | 0.386667 
InterfModel=1 38 | 0.853618 | 0.904301 | 0.709269 | 0.510536 | 0.389785 
InterfModel=1 39 | 0.843281 | 0.902968 | 0.684819 | 0.484731 | 0.408667 
InterfModel=1 40 | 0.843281 | 0.888296 | 0.694667 | 0.506734 | 0.389919 
InterfModel=1 41 | 0.851284 | 0.884962 | 0.708667 | 0.466729 | 0.399387 
InterfModel=1 42 | 0.865622 | 0.885962 | 0.718826 | 0.488267 | 0.384236 
InterfModel=1 43 | 0.853284 | 0.888296 | 0.719493 | 0.4974 | 0.390585 
InterfModel=1 44 | 0.855952 | 0.900967 | 0.702823 | 0.506734 | 0.377784 
InterfModel=1 45 | 0.840947 | 0.884628 | 0.749722 | 0.487197 | 0.394186 
InterfModel=1 46 | 0.850283 | 0.899633 | 0.718826 | 0.480064 | 0.385703 
InterfModel=1 47 | 0.841947 | 0.907636 | 0.679556 | 0.494399 | 0.386852 
InterfModel=1 48 | 0.855619 | 0.889963 | 0.711714 | 0.518736 | 0.389652 
InterfModel=1 49 | 0.842333 | 0.898633 | 0.745499 | 0.489799 | 0.395386 
InterfModel=1 50 | 0.848616 | 0.895333 | 0.706889 | 0.488999 | 0.392586 
InterfModel=1 51 | 0.855285 | 0.89 | 0.691932 | 0.487665 | 0.390585 
InterfModel=1 52 | 0.864955 | 0.896966 | 0.716381 | 0.515002 | 0.383518 
InterfModel=1 53 | 0.866289 | 0.891631 | 0.716444 | 0.498333 | 0.390585 
InterfModel=1 54 | 0.855619 | 0.903968 | 0.718444 | 0.491266 | 0.405733 
InterfModel=1 55 | 0.851951 | 0.909 | 0.725939 | 0.509401 | 0.401387 
InterfModel=1 56 | 0.848283 | 0.9003 | 0.727717 | 0.488332 | 0.37605 
InterfModel=1 57 | 0.873291 | 0.895632 | 0.736386 | 0.502134 | 0.388985 
InterfModel=1 58 | 0.85962 | 0.884295 | 0.71038 | 0.477664 | 0.384503 
InterfModel=1 59 | 0.852284 | 0.877959 | 0.718604 | 0.484796 | 0.380851 
InterfModel=1 60 | 0.855285 | 0.898633 | 0.707491 | 0.468462 | 0.393252 
InterfModel=1 61 | 0.851951 | 0.902634 | 0.703333 | 0.490332 | 0.381518 
InterfModel=1 62 | 0.851951 | 0.890297 | 0.691487 | 0.5068 | 0.383251 
InterfModel=1 63 | 0.844948 | 0.898633 | 0.714381 | 0.492265 | 0.413844 
InterfModel=1 64 | 0.864622 | 0.901967 | 0.716381 | 0.497133 | 0.389919 
InterfModel=1 65 | 0.846949 | 0.891631 | 0.70349 | 0.487132 | 0.405254 
InterfModel=1 66 | 0.856667 | 0.903301 | 0.698377 | 0.488465 | 0.382851 
InterfModel=1 67 | 0.851951 | 0.891631 | 0.745778 | 0.5014 | 0.383384 
InterfModel=1 68 | 0.852284 | 0.898299 | 0.721716 | 0.490931 | 0.39832 
InterfModel=1 69 | 0.85962 | 0.906 | 0.695932 | 0.496199 | 0.367116 
InterfModel=1 70 | 0.851951 | 0.898667 | 0.715937 | 0.504535 | 0.386985 
InterfModel=1 71 | 0.849617 | 0.885962 | 0.699711 | 0.482198 | 0.403387 
InterfModel=1 72 | 0.85095 | 0.888296 | 0.705935 | 0.493933 | 0.380184 
InterfModel=1 73 | 0.84128 | 0.889296 | 0.722383 | 0.478464 | 0.377034 
InterfModel=1 74 | 0.854618 | 0.900967 | 0.736608 | 0.4824 | 0.384267 
InterfModel=1 75 | 0.856952 | 0.893631 | 0.737778 | 0.499 | 0.393305 
InterfModel=1 76 | 0.858953 | 0.906636 | 0.718382 | 0.489064 | 0.390185 
InterfModel=1 77 | 0.858953 | 0.898667 | 0.687486 | 0.494466 | 0.406588 
InterfModel=1 78 | 0.865955 | 0.895965 | 0.697488 | 0.500467 | 0.393119 
InterfModel=1 79 | 0.863288 | 0.888296 | 0.69371 | 0.484731 | 0.383918 
InterfModel=1 80 | 0.853284 | 0.910637 | 0.745442 | 0.485531 | 0.391386 
InterfModel=1 81 | 0.867956 | 0.905 | 0.738386 | 0.501734 | 0.411655 
InterfModel=1 82 | 0.846616 | 0.889963 | 0.688153 | 0.465067 | 0.398906 
InterfModel=1 83 | 0.859286 | 0.886295 | 0.739333 | 0.47433 | 0.381518 
InterfModel=1 84 | 0.853951 | 0.907302 | 0.708157 | 0.488797 | 0.399387 
InterfModel=1 85 | 0.87 | 0.885962 | 0.686597 | 0.480064 | 0.392719 
InterfModel=1 86 | 0.862621 | 0.904301 | 0.736386 | 0.484731 | 0.390852 
InterfModel=1 87 | 0.862954 | 0.905302 | 0.724322 | 0.4984 | 0.381384 
InterfModel=1 88 | 0.875292 | 0.898299 | 0.717937 | 0.484998 | 0.384585 
InterfModel=1 89 | 0.860954 | 0.900634 | 0.713047 | 0.5036 | 0.383836 
InterfModel=1 90 | 0.855952 | 0.886962 | 0.688597 | 0.484598 | 0.395039 
InterfModel=1 91 | 0.881294 | 0.901634 | 0.735719 | 0.505401 | 0.404054 
InterfModel=1 92 | 0.856285 | 0.891631 | 0.686152 | 0.496066 | 0.392452 
InterfModel=1 93 | 0.852951 | 0.894667 | 0.703045 | 0.494799 | 0.385118 
InterfModel=1 94 | 0.851617 | 0.893631 | 0.690153 | 0.504201 | 0.382984 
InterfModel=1 95 | 0.857953 | 0.892964 | 0.712222 | 0.48773 | 0.393519 
InterfModel=1 96 | 0.854333 | 0.887963 | 0.728384 | 0.467058 | 0.404587 
InterfModel=1 97 | 0.844948 | 0.893631 | 0.711047 | 0.480928 | 0.381518 
InterfModel=1 98 | 0.855619 | 0.894298 | 0.714222 | 0.490397 | 0.388318 
InterfModel=1 99 | 0.85095 | 0.891297 | 0.687708 | 0.519536 | 0.397386 
InterfModel=2 0 | 0.893631 | 0.980994 | 0.858191 | 0.646886 | 0.527474 
InterfModel=2 1 | 0.895298 | 0.981327 | 0.845743 | 0.645819 | 0.545879 
InterfModel=2 2 | 0.910303 | 0.981994 | 0.844667 | 0.629284 | 0.549007 
InterfModel=2 3 | 0.892297 | 0.985662 | 0.850634 | 0.651333 | 0.529137 
InterfModel=2 4 | 0.896299 | 0.97866 | 0.875306 | 0.647686 | 0.537805 
InterfModel=2 5 | 0.898966 | 0.986329 | 0.833074 | 0.643772 | 0.536338 
InterfModel=2 6 | 0.894298 | 0.979326 | 0.857302 | 0.634885 | 0.539805 
InterfModel=2 7 | 0.895965 | 0.98 | 0.837111 | 0.652041 | 0.523003 
InterfModel=2 8 | 0.905969 | 0.986662 | 0.853968 | 0.644753 | 0.539405 
InterfModel=2 9 | 0.9 | 0.984662 | 0.841965 | 0.644886 | 0.538605 
InterfModel=2 10 | 0.9013 | 0.978993 | 0.830851 | 0.631818 | 0.55194 
InterfModel=2 11 | 0.886962 | 0.982994 | 0.835741 | 0.643552 | 0.544073 
InterfModel=2 12 | 0.894298 | 0.984662 | 0.838631 | 0.623016 | 0.565675 
InterfModel=2 13 | 0.896966 | 0.983995 | 0.855746 | 0.641952 | 0.525003 
InterfModel=2 14 | 0.890297 | 0.983995 | 0.851967 | 0.633818 | 0.545406 
InterfModel=2 15 | 0.906302 | 0.982327 | 0.848633 | 0.640704 | 0.542072 
InterfModel=2 16 | 0.8993 | 0.981994 | 0.810847 | 0.635818 | 0.553007 
InterfModel=2 17 | 0.897299 | 0.983661 | 0.856444 | 0.607814 | 0.570743 
InterfModel=2 18 | 0.887629 | 0.97966 | 0.821738 | 0.636885 | 0.564475 
InterfModel=2 19 | 0.896299 | 0.981661 | 0.851078 | 0.635685 | 0.552207 
InterfModel=2 20 | 0.899967 | 0.981994 | 0.83463 | 0.655287 | 0.542811 
InterfModel=2 21 | 0.887629 | 0.979993 | 0.839075 | 0.646 | 0.533404 
InterfModel=2 22 | 0.886333 | 0.982661 | 0.869971 | 0.631902 | 0.549747 
InterfModel=2 23 | 0.900634 | 0.982994 | 0.845299 | 0.646486 | 0.534471 
InterfModel=2 24 | 0.893298 | 0.984995 | 0.827739 | 0.641638 | 0.560016 
InterfModel=2 25 | 0.891964 | 0.988663 | 0.868193 | 0.629901 | 0.57522 
InterfModel=2 26 | 0.889296 | 0.976659 | 0.839298 | 0.650173 | 0.55034 
InterfModel=2 27 | 0.90897 | 0.98066 | 0.857079 | 0.6324 | 0.538872 
InterfModel=2 28 | 0.889963 | 0.977667 | 0.843521 | 0.663555 | 0.529741 
InterfModel=2 29 | 0.901634 | 0.983661 | 0.825961 | 0.638885 | 0.554074 
InterfModel=2 30 | 0.885962 | 0.987329 | 0.815737 | 0.655287 | 0.537672 
InterfModel=2 31 | 0.885962 | 0.978326 | 0.863333 | 0.638485 | 0.538472 
InterfModel=2 32 | 0.893965 | 0.978333 | 0.807111 | 0.645953 | 0.563942 
InterfModel=2 33 | 0.888963 | 0.981661 | 0.813736 | 0.652354 | 0.538338 
InterfModel=2 34 | 0.896299 | 0.982327 | 0.831518 | 0.673023 | 0.527404 
InterfModel=2 35 | 0.874958 | 0.98066 | 0.85908 | 0.631951 | 0.52127 
InterfModel=2 36 | 0.895632 | 0.986329 | 0.860858 | 0.624617 | 0.53681 
InterfModel=2 37 | 0.901634 | 0.981994 | 0.833296 | 0.665022 | 0.512003 
InterfModel=2 38 | 0.894965 | 0.983667 | 0.850856 | 0.633551 | 0.568342 
InterfModel=2 39 | 0.891297 | 0.97866 | 0.831333 | 0.650887 | 0.540667 
InterfModel=2 40 | 0.886295 | 0.980327 | 0.806846 | 0.663422 | 0.532071 
InterfModel=2 41 | 0.887296 | 0.981327 | 0.845966 | 0.652174 | 0.536205 
InterfModel=2 42 | 0.900967 | 0.981333 | 0.834852 | 0.647953 | 0.556207 
InterfModel=2 43 | 0.890297 | 0.98066 | 0.848633 | 0.628084 | 0.54994 
InterfModel=2 44 | 0.887963 | 0.985662 | 0.855968 | 0.644219 | 0.532871 
InterfModel=2 45 | 0.900967 | 0.982327 | 0.862414 | 0.637237 | 0.549747 
InterfModel=2 46 | 0.905969 | 0.982994 | 0.859302 | 0.632084 | 0.548946 
InterfModel=2 47 | 0.888963 | 0.982994 | 0.865748 | 0.639685 | 0.546267 
InterfModel=2 48 | 0.893965 | 0.979326 | 0.865526 | 0.648887 | 0.536543 
InterfModel=2 49 | 0.885333 | 0.983328 | 0.820627 | 0.660888 | 0.532071 
InterfModel=2 50 | 0.9003 | 0.979 | 0.839075 | 0.640619 | 0.554548 
InterfModel=2 51 | 0.898299 | 0.983995 | 0.833963 | 0.666222 | 0.531938 
InterfModel=2 52 | 0.896 | 0.976325 | 0.839298 | 0.645819 | 0.564342 
InterfModel=2 53 | 0.885295 | 0.980994 | 0.837742 | 0.643686 | 0.52607 
InterfModel=2 54 | 0.896966 | 0.983661 | 0.827073 | 0.648086 | 0.537672 
InterfModel=2 55 | 0.876959 | 0.980327 | 0.840187 | 0.644219 | 0.544073 
InterfModel=2 56 | 0.894632 | 0.98066 | 0.852189 | 0.661376 | 0.521003 
InterfModel=2 57 | 0.886962 | 0.981333 | 0.868222 | 0.614349 | 0.547879 
InterfModel=2 58 | 0.893631 | 0.977659 | 0.850634 | 0.670223 | 0.523606 
InterfModel=2 59 | 0.881627 | 0.981667 | 0.81796 | 0.641686 | 0.548413 
InterfModel=2 60 | 0.884295 | 0.97966 | 0.84441 | 0.655867 | 0.52127 
InterfModel=2 61 | 0.906636 | 0.986662 | 0.833778 | 0.65182 | 0.54714 
InterfModel=2 62 | 0.88863 | 0.98066 | 0.850189 | 0.637552 | 0.540533 
InterfModel=2 63 | 0.888667 | 0.981667 | 0.87864 | 0.629284 | 0.553674 
InterfModel=2 64 | 0.884628 | 0.984995 | 0.8493 | 0.652487 | 0.540277 
InterfModel=2 65 | 0.902 | 0.984328 | 0.839298 | 0.631017 | 0.544812 
InterfModel=2 66 | 0.897966 | 0.98066 | 0.846188 | 0.635333 | 0.545746 
InterfModel=2 67 | 0.895333 | 0.982994 | 0.844188 | 0.64982 | 0.535671 
InterfModel=2 68 | 0.886629 | 0.980327 | 0.835964 | 0.648486 | 0.527937 
InterfModel=2 69 | 0.895298 | 0.982994 | 0.814403 | 0.660221 | 0.542072 
InterfModel=2 70 | 0.894965 | 0.981327 | 0.852634 | 0.62715 | 0.557541 
InterfModel=2 71 | 0.893965 | 0.980994 | 0.824628 | 0.630667 | 0.582078 
InterfModel=2 72 | 0.911971 | 0.981333 | 0.848889 | 0.631818 | 0.539939 
InterfModel=2 73 | 0.890297 | 0.981327 | 0.860191 | 0.661288 | 0.537138 
InterfModel=2 74 | 0.889296 | 0.979993 | 0.825072 | 0.662843 | 0.537538 
InterfModel=2 75 | 0.888963 | 0.981994 | 0.869971 | 0.657821 | 0.545273 
InterfModel=2 76 | 0.897966 | 0.985662 | 0.851078 | 0.657242 | 0.520069 
InterfModel=2 77 | 0.895965 | 0.983995 | 0.829962 | 0.635418 | 0.54634 
InterfModel=2 78 | 0.893631 | 0.978326 | 0.846633 | 0.636752 | 0.540872 
InterfModel=2 79 | 0.897633 | 0.984662 | 0.851745 | 0.641686 | 0.523067 
InterfModel=2 80 | 0.894965 | 0.985662 | 0.834408 | 0.648933 | 0.532542 
InterfModel=2 81 | 0.884628 | 0.987663 | 0.859747 | 0.654975 | 0.520469 
InterfModel=2 82 | 0.894632 | 0.978993 | 0.821071 | 0.65182 | 0.55034 
InterfModel=2 83 | 0.876626 | 0.980327 | 0.867082 | 0.643152 | 0.541005 
InterfModel=2 84 | 0.897299 | 0.979993 | 0.845778 | 0.658176 | 0.521003 
InterfModel=2 85 | 0.883961 | 0.984328 | 0.871082 | 0.64884 | 0.540339 
InterfModel=2 86 | 0.892964 | 0.981327 | 0.832852 | 0.646839 | 0.561141 
InterfModel=2 87 | 0.891297 | 0.981661 | 0.817737 | 0.669689 | 0.553081 
InterfModel=2 88 | 0.901634 | 0.982661 | 0.858413 | 0.630484 | 0.554815 
InterfModel=2 89 | 0.895632 | 0.979993 | 0.832852 | 0.641333 | 0.549213 
InterfModel=2 90 | 0.881961 | 0.982327 | 0.836853 | 0.629284 | 0.555274 
InterfModel=2 91 | 0.885 | 0.975333 | 0.840854 | 0.619949 | 0.540205 
InterfModel=2 92 | 0.901634 | 0.983661 | 0.835074 | 0.663422 | 0.543139 
InterfModel=2 93 | 0.894632 | 0.981994 | 0.850411 | 0.660621 | 0.532 
InterfModel=2 94 | 0.893631 | 0.977993 | 0.837519 | 0.631284 | 0.55354 
InterfModel=2 95 | 0.900967 | 0.981661 | 0.854412 | 0.635467 | 0.54914 
InterfModel=2 96 | 0.906636 | 0.981994 | 0.8493 | 0.629551 | 0.529341 
InterfModel=2 97 | 0.898633 | 0.983995 | 0.863525 | 0.636533 | 0.556474 
InterfModel=2 98 | 0.885962 | 0.980994 | 0.842409 | 0.629817 | 0.530071 
InterfModel=2 99 | 0.902634 | 0.97966 | 0.826406 | 0.661155 | 0.526337 

