CastaliaResults -i saida.txt -s Energy nJ/bit -n --all -o2                                                           

Application:Energy nJ/bit
 | node=1 | node=2 | node=3 | node=4 | node=5
InterfModel=0 | 100.991 | 99.96 | 67.028 | 50.512 | 52.674 
InterfModel=1 | 106.051 | 105.019 | 74.022 | 67.864 | 77.131 
InterfModel=2 | 103.35 | 99.828 | 69.005 | 56.168 | 62.787 
Application:Energy nJ/bit - all values
 | node=1 | node=2 | node=3 | node=4 | node=5
InterfModel=0 0 | 100.991 | 99.9959 | 66.9258 | 49.9913 | 52.6987 
InterfModel=0 1 | 101.774 | 100.136 | 66.8473 | 49.724 | 53.2614 
InterfModel=0 2 | 100.552 | 99.8237 | 66.7116 | 51.0972 | 52.9662 
InterfModel=0 3 | 100.238 | 99.8727 | 66.8424 | 50.4262 | 53.1583 
InterfModel=0 4 | 100.349 | 100.438 | 67.0324 | 49.8684 | 53.4293 
InterfModel=0 5 | 102.117 | 100.066 | 67.3954 | 51.2529 | 52.5037 
InterfModel=0 6 | 101.522 | 100.222 | 67.2597 | 51.6581 | 51.4838 
InterfModel=0 7 | 100.98 | 99.7503 | 66.8457 | 50.7302 | 52.4739 
InterfModel=0 8 | 100.667 | 100.447 | 67.3963 | 49.7463 | 53.1855 
InterfModel=0 9 | 101.01 | 100.011 | 66.3323 | 49.8908 | 53.9979 
InterfModel=0 10 | 100.931 | 100.417 | 66.9583 | 49.8501 | 52.3425 
InterfModel=0 11 | 100.957 | 99.8993 | 67.4709 | 51.6472 | 52.5747 
InterfModel=0 12 | 101.421 | 99.9392 | 66.6822 | 50.4514 | 52.5009 
InterfModel=0 13 | 100.952 | 100.008 | 66.5117 | 50.4876 | 52.2593 
InterfModel=0 14 | 100.548 | 100.224 | 66.6615 | 51.4622 | 51.9091 
InterfModel=0 15 | 101.257 | 100.242 | 66.6551 | 50.2269 | 51.2121 
InterfModel=0 16 | 100.296 | 99.7768 | 66.7369 | 49.9469 | 53.346 
InterfModel=0 17 | 101.143 | 99.8903 | 66.8347 | 50.8682 | 52.8415 
InterfModel=0 18 | 101.068 | 100.146 | 66.9248 | 51.3187 | 51.0111 
InterfModel=0 19 | 100.693 | 100.126 | 66.4397 | 50.49 | 50.2305 
InterfModel=0 20 | 101.327 | 99.7414 | 66.8934 | 50.6727 | 52.8256 
InterfModel=0 21 | 101.817 | 99.9302 | 67.1849 | 49.6703 | 52.4607 
InterfModel=0 22 | 101.71 | 100.174 | 67.2845 | 51.149 | 52.0097 
InterfModel=0 23 | 101.58 | 99.7854 | 66.7458 | 49.9962 | 53.0765 
InterfModel=0 24 | 101.071 | 99.7383 | 66.743 | 49.7784 | 52.9834 
InterfModel=0 25 | 101.668 | 100.119 | 67.4657 | 50.6326 | 52.6699 
InterfModel=0 26 | 100.504 | 100.172 | 67.9729 | 50.7097 | 52.7016 
InterfModel=0 27 | 100.857 | 99.9187 | 66.7131 | 50.6118 | 52.6959 
InterfModel=0 28 | 100.127 | 99.7543 | 67.0175 | 51.3717 | 52.5349 
InterfModel=0 29 | 100.438 | 99.4319 | 67.5176 | 49.7072 | 53.9284 
InterfModel=0 30 | 100.606 | 100.205 | 66.9248 | 49.2492 | 52.9469 
InterfModel=0 31 | 100.618 | 100.172 | 67.13 | 50.1944 | 52.4563 
InterfModel=0 32 | 100.824 | 99.9707 | 66.5745 | 49.7999 | 54.687 
InterfModel=0 33 | 100.711 | 100.124 | 66.5485 | 51.5669 | 51.986 
InterfModel=0 34 | 101.094 | 99.7568 | 68.2468 | 50.9311 | 52.4095 
InterfModel=0 35 | 101.043 | 100.014 | 67.4366 | 49.8189 | 52.9464 
InterfModel=0 36 | 100.915 | 100.512 | 67.0262 | 50.8852 | 52.0784 
InterfModel=0 37 | 100.469 | 99.8049 | 67.0335 | 51.4689 | 50.979 
InterfModel=0 38 | 100.166 | 99.8226 | 66.8878 | 50.3752 | 52.5309 
InterfModel=0 39 | 101.933 | 99.5526 | 67.2152 | 49.3218 | 54.426 
InterfModel=0 40 | 100.876 | 100.037 | 66.6384 | 49.2457 | 53.1169 
InterfModel=0 41 | 100.762 | 100.177 | 67.5846 | 50.5817 | 53.0849 
InterfModel=0 42 | 101.33 | 99.877 | 66.3099 | 51.472 | 51.4279 
InterfModel=0 43 | 100.43 | 99.6522 | 66.8104 | 49.5651 | 54.2796 
InterfModel=0 44 | 100.801 | 100.283 | 66.855 | 50.4641 | 53.1178 
InterfModel=0 45 | 100.34 | 100.197 | 67.2622 | 51.4822 | 51.6998 
InterfModel=0 46 | 101.084 | 100.329 | 66.4797 | 51.3471 | 52.4258 
InterfModel=0 47 | 100.914 | 99.3414 | 66.8501 | 51.3432 | 52.7284 
InterfModel=0 48 | 101.447 | 100.231 | 67.0532 | 50.9747 | 52.3474 
InterfModel=0 49 | 100.36 | 99.9716 | 67.3646 | 51.4405 | 52.5131 
InterfModel=0 50 | 101.307 | 100.243 | 67.2947 | 49.798 | 53.7019 
InterfModel=0 51 | 100.644 | 99.9301 | 66.5158 | 51.3235 | 51.8415 
InterfModel=0 52 | 100.142 | 99.7251 | 68.1257 | 50.9359 | 51.6295 
InterfModel=0 53 | 100.366 | 100.406 | 67.2115 | 50.1843 | 52.7528 
InterfModel=0 54 | 100.602 | 99.7545 | 66.7852 | 50.2263 | 53.307 
InterfModel=0 55 | 101.12 | 99.4986 | 66.9476 | 50.6542 | 52.9514 
InterfModel=0 56 | 100.346 | 100.172 | 67.4401 | 53.0746 | 51.4626 
InterfModel=0 57 | 101.52 | 99.9028 | 66.9062 | 49.9854 | 52.8148 
InterfModel=0 58 | 100.947 | 100.003 | 67.2566 | 51.0219 | 52.3451 
InterfModel=0 59 | 101.133 | 100.046 | 67.6497 | 48.8021 | 53.2625 
InterfModel=0 60 | 101.106 | 99.5532 | 66.9782 | 49.6602 | 52.3926 
InterfModel=0 61 | 101.282 | 100.003 | 67.4474 | 50.4592 | 53.2955 
InterfModel=0 62 | 100.612 | 99.8698 | 67.2571 | 50.8956 | 52.7409 
InterfModel=0 63 | 101.041 | 99.8494 | 66.4879 | 50.7704 | 53.5428 
InterfModel=0 64 | 102.077 | 100.512 | 66.7368 | 50.2737 | 52.9615 
InterfModel=0 65 | 100.943 | 100.291 | 67.0224 | 50.6699 | 51.9993 
InterfModel=0 66 | 101.208 | 100.063 | 66.9115 | 50.5264 | 52.529 
InterfModel=0 67 | 101.094 | 99.857 | 66.8536 | 52.6401 | 50.89 
InterfModel=0 68 | 100.871 | 99.5101 | 67.1704 | 50.5992 | 53.1678 
InterfModel=0 69 | 101.92 | 100.014 | 66.5383 | 50.6669 | 52.3441 
InterfModel=0 70 | 101.323 | 100.184 | 66.9787 | 50.2291 | 51.9721 
InterfModel=0 71 | 100.819 | 99.5551 | 66.806 | 50.0051 | 52.9981 
InterfModel=0 72 | 100.491 | 99.9877 | 67.007 | 50.0053 | 53.023 
InterfModel=0 73 | 101.237 | 99.9197 | 67.1403 | 49.6439 | 53.7096 
InterfModel=0 74 | 101.272 | 99.5456 | 67.1599 | 50.1458 | 51.7841 
InterfModel=0 75 | 101.703 | 99.9356 | 66.7402 | 51.3661 | 50.9236 
InterfModel=0 76 | 101.431 | 99.8677 | 66.3349 | 50.235 | 53.8332 
InterfModel=0 77 | 100.641 | 99.7774 | 66.7234 | 49.337 | 51.7218 
InterfModel=0 78 | 101.674 | 99.6154 | 66.8999 | 49.6989 | 53.3178 
InterfModel=0 79 | 100.14 | 99.2016 | 67.2292 | 51.0763 | 53.7235 
InterfModel=0 80 | 100.987 | 99.9937 | 67.179 | 49.5764 | 53.2459 
InterfModel=0 81 | 100.196 | 99.6266 | 67.107 | 51.1825 | 51.8101 
InterfModel=0 82 | 100.234 | 99.9145 | 66.2464 | 49.1606 | 53.1916 
InterfModel=0 83 | 101.314 | 100.24 | 67.0588 | 49.7204 | 53.6203 
InterfModel=0 84 | 100.778 | 99.7378 | 67.2393 | 51.09 | 52.6811 
InterfModel=0 85 | 100.977 | 100.037 | 67.4528 | 50.9712 | 53.0514 
InterfModel=0 86 | 101.11 | 99.9342 | 67.1786 | 52.0725 | 53.1585 
InterfModel=0 87 | 99.5948 | 100.159 | 67.0486 | 51.2924 | 52.432 
InterfModel=0 88 | 101.759 | 100.043 | 67.2248 | 50.7553 | 52.3692 
InterfModel=0 89 | 100.329 | 99.5765 | 66.4599 | 49.9392 | 52.6598 
InterfModel=0 90 | 101.207 | 100.019 | 67.9134 | 49.7336 | 53.5305 
InterfModel=0 91 | 101.626 | 99.9602 | 66.4536 | 51.3411 | 51.847 
InterfModel=0 92 | 101.973 | 99.5908 | 67.0514 | 50.3174 | 51.9604 
InterfModel=0 93 | 100.505 | 100.138 | 66.6209 | 50.7617 | 52.5607 
InterfModel=0 94 | 102.218 | 100.043 | 67.4409 | 49.7882 | 53.3093 
InterfModel=0 95 | 101.474 | 99.7218 | 67.2338 | 50.5256 | 52.7634 
InterfModel=0 96 | 101.289 | 99.8942 | 67.3991 | 49.9032 | 53.4044 
InterfModel=0 97 | 101.373 | 100.223 | 67.8065 | 50.1477 | 53.1737 
InterfModel=0 98 | 100.735 | 100.058 | 67.6182 | 51.425 | 53.7816 
InterfModel=0 99 | 101.149 | 100.061 | 67.3027 | 49.5879 | 52.4576 
InterfModel=1 0 | 105.744 | 106.586 | 75.5079 | 67.7334 | 75.7515 
InterfModel=1 1 | 105.971 | 104.226 | 73.3293 | 68.0099 | 77.6323 
InterfModel=1 2 | 106.681 | 104.52 | 77.4356 | 68.7726 | 77.7189 
InterfModel=1 3 | 106.267 | 104.927 | 74.763 | 67.1305 | 76.9165 
InterfModel=1 4 | 105.832 | 104.53 | 76.7816 | 66.8618 | 75.4017 
InterfModel=1 5 | 106.431 | 104.091 | 75.1372 | 70.1522 | 77.2412 
InterfModel=1 6 | 106.344 | 104.76 | 74.1105 | 68.9451 | 77.3568 
InterfModel=1 7 | 106.012 | 105.594 | 71.5796 | 67.8748 | 78.9213 
InterfModel=1 8 | 106.98 | 104.799 | 72.7853 | 68.8471 | 78.6108 
InterfModel=1 9 | 105.549 | 106.482 | 74.2663 | 68.1261 | 77.8581 
InterfModel=1 10 | 105.734 | 105.235 | 73.0757 | 67.7483 | 77.5957 
InterfModel=1 11 | 106.025 | 105.46 | 74.4937 | 69.3304 | 73.6752 
InterfModel=1 12 | 106.141 | 104.615 | 74.3464 | 68.7647 | 74.7331 
InterfModel=1 13 | 106.239 | 105.281 | 73.7348 | 67.6543 | 78.4162 
InterfModel=1 14 | 106.665 | 105.125 | 74.2134 | 68.4865 | 80.3256 
InterfModel=1 15 | 106.304 | 104.581 | 72.4231 | 68.4125 | 76.2814 
InterfModel=1 16 | 104.541 | 104.526 | 73.6119 | 67.195 | 77.0542 
InterfModel=1 17 | 105.549 | 105.205 | 72.5695 | 66.2068 | 74.6367 
InterfModel=1 18 | 105.954 | 106.067 | 74.9052 | 69.0857 | 76.8337 
InterfModel=1 19 | 105.797 | 105.145 | 75.0635 | 66.8974 | 75.9028 
InterfModel=1 20 | 106.222 | 105.705 | 73.9541 | 70.4513 | 78.2178 
InterfModel=1 21 | 104.723 | 105.019 | 73.5748 | 69.0417 | 73.3717 
InterfModel=1 22 | 105.519 | 105.24 | 73.8725 | 67.3844 | 76.5549 
InterfModel=1 23 | 106.823 | 104.574 | 74.6007 | 67.474 | 76.2209 
InterfModel=1 24 | 106.482 | 105.046 | 74.3592 | 66.9816 | 76.438 
InterfModel=1 25 | 108.036 | 106.136 | 75.3817 | 69.2488 | 77.1003 
InterfModel=1 26 | 104.523 | 104.562 | 75.6326 | 65.5716 | 77.0485 
InterfModel=1 27 | 107.308 | 104.229 | 74.5905 | 67.506 | 79.119 
InterfModel=1 28 | 104.952 | 104.902 | 71.8735 | 67.3474 | 74.6294 
InterfModel=1 29 | 107.004 | 104.333 | 73.6076 | 65.7592 | 77.2653 
InterfModel=1 30 | 105.59 | 105.203 | 73.3806 | 68.4831 | 76.5741 
InterfModel=1 31 | 106.565 | 105.662 | 74.2092 | 66.02 | 79.5666 
InterfModel=1 32 | 104.901 | 104.439 | 73.3863 | 67.3021 | 75.9938 
InterfModel=1 33 | 107.559 | 104.987 | 73.4659 | 67.668 | 78.2266 
InterfModel=1 34 | 105.382 | 105.712 | 72.8573 | 68.2938 | 76.8182 
InterfModel=1 35 | 105.363 | 103.862 | 71.3542 | 69.1414 | 75.366 
InterfModel=1 36 | 105.204 | 103.921 | 73.4532 | 68.3689 | 76.3756 
InterfModel=1 37 | 106.585 | 105.05 | 71.6444 | 67.2881 | 77.439 
InterfModel=1 38 | 104.885 | 104.968 | 73.5553 | 69.2917 | 78.3871 
InterfModel=1 39 | 105.592 | 105.255 | 75.7617 | 65.7019 | 76.2361 
InterfModel=1 40 | 106.417 | 105.231 | 74.6421 | 66.7042 | 77.2376 
InterfModel=1 41 | 106.141 | 105.345 | 72.2042 | 67.0718 | 80.9005 
InterfModel=1 42 | 105.861 | 104.894 | 72.0182 | 69.5246 | 76.0889 
InterfModel=1 43 | 105.481 | 104.675 | 73.7061 | 68.6551 | 78.0047 
InterfModel=1 44 | 105.537 | 105.412 | 73.9962 | 67.708 | 75.1612 
InterfModel=1 45 | 106.334 | 104.715 | 74.3691 | 67.5059 | 75.5665 
InterfModel=1 46 | 106.1 | 105.772 | 74.9472 | 67.4723 | 76.2733 
InterfModel=1 47 | 105.691 | 105.629 | 74.3519 | 69.1956 | 76.8005 
InterfModel=1 48 | 105.943 | 104.339 | 74.6831 | 69.8996 | 78.2847 
InterfModel=1 49 | 105.073 | 105.156 | 71.6256 | 66.3635 | 78.7424 
InterfModel=1 50 | 105.786 | 105.78 | 74.8487 | 66.1964 | 78.7457 
InterfModel=1 51 | 105.447 | 105.336 | 74.2291 | 68.1988 | 77.3815 
InterfModel=1 52 | 106.543 | 104.636 | 73.5559 | 65.1088 | 76.9731 
InterfModel=1 53 | 104.601 | 105.688 | 73.1107 | 69.4689 | 75.2207 
InterfModel=1 54 | 104.651 | 105.315 | 72.7405 | 68.7162 | 76.718 
InterfModel=1 55 | 104.838 | 104.644 | 73.9294 | 68.3743 | 77.7128 
InterfModel=1 56 | 107.144 | 106.163 | 73.3524 | 68.2022 | 77.7444 
InterfModel=1 57 | 106.001 | 105.135 | 75.3392 | 69.0881 | 77.9379 
InterfModel=1 58 | 106.421 | 104.459 | 74.1903 | 67.715 | 76.6247 
InterfModel=1 59 | 105.499 | 105.042 | 73.7465 | 68.6429 | 77.3042 
InterfModel=1 60 | 105.548 | 105.669 | 72.9322 | 70.5054 | 76.2362 
InterfModel=1 61 | 104.024 | 104.276 | 75.5799 | 65.6749 | 77.3577 
InterfModel=1 62 | 105.542 | 105.702 | 73.8717 | 66.3921 | 78.638 
InterfModel=1 63 | 106.913 | 105.074 | 73.6666 | 65.8335 | 76.5046 
InterfModel=1 64 | 106.151 | 105.086 | 73.9381 | 67.794 | 78.6875 
InterfModel=1 65 | 107.452 | 105.304 | 74.1707 | 68.2939 | 76.2085 
InterfModel=1 66 | 105.656 | 104.752 | 73.6681 | 69.6256 | 77.9192 
InterfModel=1 67 | 105.276 | 104.234 | 75.8553 | 66.0461 | 74.5716 
InterfModel=1 68 | 104.872 | 105.093 | 72.8468 | 67.5556 | 78.5287 
InterfModel=1 69 | 106.763 | 104.29 | 74.1438 | 69.5727 | 77.6089 
InterfModel=1 70 | 105.758 | 104.806 | 72.434 | 68.0081 | 80.8414 
InterfModel=1 71 | 105.791 | 106.141 | 73.3763 | 69.9496 | 77.6629 
InterfModel=1 72 | 106.577 | 106.284 | 72.5546 | 69.9579 | 78.1109 
InterfModel=1 73 | 107.542 | 105.759 | 74.8764 | 66.9724 | 75.4609 
InterfModel=1 74 | 106.52 | 104.41 | 72.9651 | 65.8022 | 79.0117 
InterfModel=1 75 | 107.01 | 104.163 | 73.2225 | 66.4671 | 76.1255 
InterfModel=1 76 | 105.781 | 105.161 | 77.5757 | 67.8083 | 78.3453 
InterfModel=1 77 | 105.517 | 105.543 | 72.7824 | 68.724 | 78.2701 
InterfModel=1 78 | 105.754 | 105.791 | 74.344 | 67.1147 | 75.9408 
InterfModel=1 79 | 105.523 | 104.908 | 74.8448 | 67.3603 | 75.9407 
InterfModel=1 80 | 106.781 | 104.145 | 76.8883 | 65.0617 | 78.4823 
InterfModel=1 81 | 107.386 | 104.047 | 72.3841 | 67.6385 | 75.9649 
InterfModel=1 82 | 106.898 | 105.185 | 71.9018 | 67.9573 | 78.0314 
InterfModel=1 83 | 106.251 | 104.685 | 72.5622 | 68.7405 | 77.8341 
InterfModel=1 84 | 107.166 | 104.706 | 78.0062 | 69.2672 | 77.0216 
InterfModel=1 85 | 106.671 | 104.69 | 75.0283 | 66.1934 | 78.0044 
InterfModel=1 86 | 106.193 | 104.017 | 71.1949 | 68.1961 | 75.942 
InterfModel=1 87 | 105.781 | 104.404 | 74.9961 | 68.3351 | 77.6017 
InterfModel=1 88 | 106.166 | 104.503 | 76.8417 | 67.552 | 76.8417 
InterfModel=1 89 | 108.421 | 104.771 | 75.5096 | 67.5731 | 77.2105 
InterfModel=1 90 | 106.072 | 105.314 | 73.8848 | 66.5897 | 77.3317 
InterfModel=1 91 | 106.295 | 105.159 | 73.2137 | 66.6101 | 79.0834 
InterfModel=1 92 | 107.816 | 105.475 | 75.3822 | 69.3627 | 76.8081 
InterfModel=1 93 | 104.655 | 104.404 | 71.6716 | 68.1761 | 74.9621 
InterfModel=1 94 | 106.621 | 104.748 | 76.2158 | 66.1922 | 76.7476 
InterfModel=1 95 | 106.273 | 105.162 | 75.961 | 67.6912 | 76.2931 
InterfModel=1 96 | 106.925 | 105.124 | 76.6256 | 68.3313 | 78.433 
InterfModel=1 97 | 106.193 | 104.763 | 74.7828 | 68.9402 | 75.6893 
InterfModel=1 98 | 105.332 | 104.692 | 73.2988 | 67.825 | 79.2289 
InterfModel=1 99 | 105.777 | 105.518 | 71.9531 | 68.3215 | 76.4193 
InterfModel=2 0 | 102.391 | 99.2553 | 68.3433 | 55.8494 | 64.5107 
InterfModel=2 1 | 103.195 | 99.4673 | 69.1112 | 55.2851 | 62.5257 
InterfModel=2 2 | 102.604 | 99.5599 | 68.6177 | 56.2934 | 64.0092 
InterfModel=2 3 | 102.729 | 99.7936 | 68.2276 | 55.7877 | 63.7377 
InterfModel=2 4 | 104.139 | 99.9014 | 68.8425 | 57.0209 | 60.9823 
InterfModel=2 5 | 103.326 | 99.9696 | 68.4763 | 56.3489 | 60.8531 
InterfModel=2 6 | 102.942 | 99.666 | 69.0231 | 56.3499 | 62.645 
InterfModel=2 7 | 103.598 | 99.8715 | 68.2496 | 56.3987 | 62.5399 
InterfModel=2 8 | 103.179 | 99.8183 | 67.2069 | 55.5209 | 62.3847 
InterfModel=2 9 | 102.596 | 99.9888 | 67.7891 | 56.7216 | 64.0736 
InterfModel=2 10 | 102.309 | 99.8229 | 69.02 | 56.7498 | 62.8015 
InterfModel=2 11 | 103.956 | 99.752 | 69.4333 | 56.5568 | 61.9053 
InterfModel=2 12 | 102.71 | 99.2841 | 67.8452 | 56.0558 | 62.7531 
InterfModel=2 13 | 103.206 | 100.319 | 68.0454 | 54.9627 | 63.6296 
InterfModel=2 14 | 103.579 | 99.8921 | 69.0101 | 56.939 | 61.0187 
InterfModel=2 15 | 103.589 | 99.689 | 69.038 | 55.0355 | 63.7957 
InterfModel=2 16 | 104.637 | 99.5234 | 69.2904 | 56.045 | 62.9082 
InterfModel=2 17 | 103.86 | 99.5404 | 69.5711 | 55.757 | 63.6019 
InterfModel=2 18 | 102.464 | 100.257 | 68.752 | 57.6368 | 60.5089 
InterfModel=2 19 | 103.695 | 100.03 | 69.4272 | 55.6859 | 63.5823 
InterfModel=2 20 | 102.877 | 99.6929 | 68.6205 | 54.8879 | 63.4197 
InterfModel=2 21 | 102.565 | 99.3734 | 68.6011 | 56.6187 | 63.2661 
InterfModel=2 22 | 103.201 | 99.4451 | 69.2031 | 55.0822 | 64.0336 
InterfModel=2 23 | 104.182 | 99.7388 | 69.0205 | 55.2236 | 63.2796 
InterfModel=2 24 | 103.325 | 99.7416 | 69.0102 | 57.6284 | 63.707 
InterfModel=2 25 | 102.883 | 99.8705 | 68.8768 | 54.9721 | 64.0267 
InterfModel=2 26 | 103.111 | 100.344 | 69.2269 | 57.2992 | 61.5578 
InterfModel=2 27 | 105.048 | 100.019 | 68.4096 | 56.4605 | 61.8841 
InterfModel=2 28 | 103.601 | 100.006 | 69.5105 | 56.0507 | 62.0902 
InterfModel=2 29 | 102.515 | 100.18 | 69.3271 | 55.986 | 63.3538 
InterfModel=2 30 | 103.719 | 99.488 | 69.8784 | 57.0724 | 62.0872 
InterfModel=2 31 | 103.707 | 100.196 | 70.2524 | 55.0085 | 64.1897 
InterfModel=2 32 | 104.468 | 99.909 | 69.7301 | 57.0696 | 62.0128 
InterfModel=2 33 | 103.032 | 100.295 | 69.2037 | 55.79 | 63.5102 
InterfModel=2 34 | 103.371 | 100.081 | 68.0587 | 55.5213 | 63.26 
InterfModel=2 35 | 103.951 | 99.817 | 68.0197 | 56.9548 | 63.3412 
InterfModel=2 36 | 102.978 | 99.4925 | 69.5817 | 55.4603 | 63.8741 
InterfModel=2 37 | 103.721 | 99.9592 | 70.4071 | 54.8476 | 61.2039 
InterfModel=2 38 | 102.53 | 99.8361 | 69.6769 | 55.875 | 63.2716 
InterfModel=2 39 | 104.334 | 99.5317 | 69.2902 | 55.6242 | 64.6072 
InterfModel=2 40 | 103.953 | 100.037 | 69.2603 | 56.2734 | 61.6856 
InterfModel=2 41 | 102.386 | 99.7925 | 69.9802 | 55.7107 | 62.3983 
InterfModel=2 42 | 102.445 | 99.8682 | 68.4982 | 56.2417 | 61.5066 
InterfModel=2 43 | 102.778 | 99.526 | 69.0809 | 56.5263 | 62.121 
InterfModel=2 44 | 103.939 | 99.605 | 68.7341 | 55.6537 | 64.6383 
InterfModel=2 45 | 103.276 | 99.63 | 68.7851 | 55.8789 | 60.4368 
InterfModel=2 46 | 103.591 | 100.074 | 69.0952 | 54.7789 | 62.1394 
InterfModel=2 47 | 103.425 | 100.062 | 68.0727 | 56.7223 | 62.5086 
InterfModel=2 48 | 103.038 | 100.147 | 67.9094 | 55.2571 | 63.7928 
InterfModel=2 49 | 104.877 | 99.7318 | 68.3173 | 56.1962 | 61.3048 
InterfModel=2 50 | 103.898 | 99.8557 | 69.4925 | 56.3814 | 63.0953 
InterfModel=2 51 | 102.466 | 100.161 | 69.1122 | 55.1778 | 64.7865 
InterfModel=2 52 | 103.221 | 99.6542 | 69.9505 | 57.4818 | 61.3344 
InterfModel=2 53 | 102.644 | 100.055 | 70.1502 | 55.7757 | 64.0365 
InterfModel=2 54 | 103.025 | 99.6361 | 69.4374 | 56.0889 | 63.5384 
InterfModel=2 55 | 104.621 | 100.028 | 68.4387 | 55.9125 | 62.7973 
InterfModel=2 56 | 102.509 | 99.4184 | 70.161 | 57.3562 | 61.7014 
InterfModel=2 57 | 102.417 | 99.7392 | 69.7502 | 55.5169 | 63.0543 
InterfModel=2 58 | 102.616 | 100.2 | 68.8858 | 54.974 | 63.1406 
InterfModel=2 59 | 104.641 | 99.9822 | 69.8041 | 56.471 | 61.6148 
InterfModel=2 60 | 102.509 | 99.5911 | 69.3912 | 57.5174 | 61.8079 
InterfModel=2 61 | 102.2 | 99.8665 | 69.2597 | 55.7908 | 63.5198 
InterfModel=2 62 | 103.953 | 99.9992 | 68.8931 | 55.7653 | 64.1671 
InterfModel=2 63 | 102.456 | 100.082 | 68.5413 | 56.608 | 62.6932 
InterfModel=2 64 | 104.315 | 100.299 | 69.2175 | 57.363 | 62.9634 
InterfModel=2 65 | 102.962 | 99.7 | 68.696 | 56.1246 | 61.8812 
InterfModel=2 66 | 103.547 | 99.7222 | 69.1962 | 56.84 | 61.404 
InterfModel=2 67 | 103.175 | 99.7572 | 68.2494 | 57.0633 | 63.6027 
InterfModel=2 68 | 102.838 | 99.1368 | 68.6 | 57.2222 | 62.8062 
InterfModel=2 69 | 103.734 | 100.131 | 69.3228 | 57.0436 | 61.4083 
InterfModel=2 70 | 104.052 | 99.7912 | 68.6627 | 56.4793 | 61.6839 
InterfModel=2 71 | 102.835 | 99.6684 | 69.1276 | 56.2292 | 63.6802 
InterfModel=2 72 | 103.639 | 99.7819 | 69.3401 | 56.0806 | 64.2085 
InterfModel=2 73 | 103.675 | 100.166 | 69.1599 | 55.3406 | 62.0241 
InterfModel=2 74 | 102.719 | 100.058 | 69.5904 | 56.6745 | 63.191 
InterfModel=2 75 | 104.017 | 99.6908 | 68.4217 | 55.852 | 62.2834 
InterfModel=2 76 | 103.697 | 99.6309 | 68.2345 | 57.4199 | 62.6623 
InterfModel=2 77 | 105.03 | 99.9667 | 69.1323 | 56.3656 | 61.5712 
InterfModel=2 78 | 103.402 | 99.7951 | 69.578 | 56.2325 | 63.7828 
InterfModel=2 79 | 103.845 | 99.8025 | 69.2228 | 56.3135 | 63.6916 
InterfModel=2 80 | 103.619 | 99.9018 | 68.817 | 56.122 | 61.995 
InterfModel=2 81 | 103.368 | 100.311 | 68.6472 | 58.4006 | 60.4189 
InterfModel=2 82 | 103.2 | 100.181 | 69.4478 | 55.928 | 61.1813 
InterfModel=2 83 | 103.2 | 99.4807 | 69.1128 | 55.2025 | 65.163 
InterfModel=2 84 | 104.436 | 99.8075 | 68.775 | 55.9684 | 62.836 
InterfModel=2 85 | 103.174 | 99.5693 | 68.9306 | 55.7928 | 63.3965 
InterfModel=2 86 | 102.863 | 99.7723 | 70.2487 | 54.8935 | 63.1206 
InterfModel=2 87 | 103.468 | 99.5357 | 68.3542 | 56.348 | 63.8524 
InterfModel=2 88 | 102.455 | 99.8141 | 69.4543 | 56.1118 | 62.2738 
InterfModel=2 89 | 104.408 | 100.008 | 69.2762 | 56.0722 | 63.7825 
InterfModel=2 90 | 102.477 | 100.031 | 68.7004 | 56.1427 | 61.9879 
InterfModel=2 91 | 102.293 | 99.8073 | 69.6179 | 56.4263 | 62.6224 
InterfModel=2 92 | 102.928 | 99.3582 | 69.1204 | 56.4691 | 62.9675 
InterfModel=2 93 | 103.558 | 100.18 | 68.8774 | 55.2766 | 64.5068 
InterfModel=2 94 | 102.859 | 99.8905 | 68.3961 | 55.5547 | 64.39 
InterfModel=2 95 | 102.486 | 100.147 | 68.8441 | 57.2994 | 61.2166 
InterfModel=2 96 | 104.136 | 99.9333 | 69.3954 | 56.4801 | 61.6332 
InterfModel=2 97 | 103.324 | 99.3585 | 68.9981 | 55.4236 | 64.2446 
InterfModel=2 98 | 103.878 | 99.4445 | 69.0785 | 56.8608 | 60.566 
InterfModel=2 99 | 104.668 | 100.021 | 68.3967 | 56.8856 | 63.1084 

