CastaliaResults -i saida.txt -s Packets received per node -n --all -o2                                                                       

Application:Packets received per node
 | index=1 | index=2 | index=3 | index=4 | index=5
InterfModel=0 | 2952.67 | 2969.42 | 4423.83 | 6099.11 | 5888.7 
InterfModel=1 | 2892.26 | 2911.28 | 4339.56 | 5078.71 | 4753.03 
InterfModel=2 | 2919.04 | 2970.26 | 4370.98 | 5602.02 | 5193.05 
Application:Packets received per node - all values
 | index=1 | index=2 | index=3 | index=4 | index=5
InterfModel=0 0 | 2946 | 2959 | 4422 | 6010 | 6013 
InterfModel=0 1 | 2956 | 2967 | 4411 | 6069 | 5879 
InterfModel=0 2 | 2947 | 2968 | 4434 | 6141 | 5770 
InterfModel=0 3 | 2953 | 2966 | 4438 | 6199 | 5827 
InterfModel=0 4 | 2949 | 2962 | 4421 | 6185 | 5861 
InterfModel=0 5 | 2946 | 2974 | 4413 | 5928 | 6047 
InterfModel=0 6 | 2934 | 2970 | 4423 | 6068 | 5907 
InterfModel=0 7 | 2956 | 2969 | 4434 | 6185 | 5917 
InterfModel=0 8 | 2957 | 2973 | 4419 | 6314 | 5760 
InterfModel=0 9 | 2954 | 2971 | 4405 | 6032 | 5947 
InterfModel=0 10 | 2959 | 2976 | 4410 | 5959 | 5946 
InterfModel=0 11 | 2946 | 2971 | 4414 | 6119 | 5790 
InterfModel=0 12 | 2960 | 2967 | 4435 | 6082 | 5907 
InterfModel=0 13 | 2960 | 2962 | 4421 | 6145 | 5839 
InterfModel=0 14 | 2938 | 2970 | 4428 | 6055 | 5955 
InterfModel=0 15 | 2945 | 2976 | 4421 | 6146 | 5843 
InterfModel=0 16 | 2961 | 2968 | 4428 | 6194 | 5833 
InterfModel=0 17 | 2949 | 2968 | 4430 | 6122 | 5847 
InterfModel=0 18 | 2965 | 2972 | 4423 | 6165 | 5826 
InterfModel=0 19 | 2953 | 2965 | 4436 | 6069 | 5938 
InterfModel=0 20 | 2959 | 2971 | 4417 | 6085 | 5873 
InterfModel=0 21 | 2951 | 2964 | 4431 | 6059 | 6000 
InterfModel=0 22 | 2953 | 2962 | 4431 | 6080 | 5918 
InterfModel=0 23 | 2942 | 2974 | 4431 | 6223 | 5831 
InterfModel=0 24 | 2960 | 2967 | 4434 | 6160 | 5882 
InterfModel=0 25 | 2958 | 2963 | 4424 | 6031 | 5862 
InterfModel=0 26 | 2952 | 2963 | 4424 | 6157 | 5933 
InterfModel=0 27 | 2959 | 2969 | 4434 | 6062 | 5930 
InterfModel=0 28 | 2942 | 2961 | 4403 | 6124 | 5885 
InterfModel=0 29 | 2950 | 2970 | 4417 | 6199 | 5860 
InterfModel=0 30 | 2960 | 2978 | 4425 | 6143 | 5807 
InterfModel=0 31 | 2950 | 2970 | 4422 | 6102 | 6023 
InterfModel=0 32 | 2964 | 2961 | 4422 | 6172 | 5850 
InterfModel=0 33 | 2960 | 2964 | 4441 | 6104 | 5835 
InterfModel=0 34 | 2956 | 2976 | 4415 | 6052 | 5910 
InterfModel=0 35 | 2951 | 2974 | 4429 | 6129 | 5832 
InterfModel=0 36 | 2948 | 2970 | 4439 | 6214 | 5869 
InterfModel=0 37 | 2943 | 2960 | 4427 | 6026 | 6111 
InterfModel=0 38 | 2955 | 2967 | 4415 | 5935 | 5942 
InterfModel=0 39 | 2954 | 2965 | 4418 | 6087 | 5904 
InterfModel=0 40 | 2949 | 2961 | 4422 | 6200 | 5840 
InterfModel=0 41 | 2956 | 2979 | 4427 | 6133 | 5886 
InterfModel=0 42 | 2951 | 2971 | 4430 | 6091 | 5873 
InterfModel=0 43 | 2951 | 2962 | 4428 | 6183 | 5774 
InterfModel=0 44 | 2948 | 2969 | 4419 | 6072 | 5834 
InterfModel=0 45 | 2959 | 2976 | 4417 | 6238 | 5754 
InterfModel=0 46 | 2963 | 2971 | 4424 | 6040 | 5819 
InterfModel=0 47 | 2946 | 2977 | 4435 | 5880 | 6057 
InterfModel=0 48 | 2947 | 2964 | 4432 | 5991 | 6007 
InterfModel=0 49 | 2945 | 2976 | 4426 | 6042 | 5979 
InterfModel=0 50 | 2953 | 2972 | 4432 | 6190 | 5831 
InterfModel=0 51 | 2947 | 2964 | 4413 | 6072 | 5871 
InterfModel=0 52 | 2962 | 2974 | 4411 | 6066 | 5950 
InterfModel=0 53 | 2951 | 2967 | 4403 | 6131 | 5838 
InterfModel=0 54 | 2941 | 2969 | 4431 | 6060 | 5856 
InterfModel=0 55 | 2958 | 2973 | 4414 | 6084 | 5805 
InterfModel=0 56 | 2955 | 2968 | 4412 | 6234 | 5783 
InterfModel=0 57 | 2963 | 2970 | 4420 | 6207 | 5907 
InterfModel=0 58 | 2954 | 2973 | 4415 | 6195 | 5855 
InterfModel=0 59 | 2959 | 2974 | 4410 | 6128 | 5921 
InterfModel=0 60 | 2945 | 2962 | 4445 | 6023 | 5956 
InterfModel=0 61 | 2936 | 2972 | 4431 | 6142 | 5874 
InterfModel=0 62 | 2948 | 2976 | 4422 | 6130 | 5841 
InterfModel=0 63 | 2945 | 2963 | 4429 | 5961 | 5928 
InterfModel=0 64 | 2963 | 2976 | 4421 | 6170 | 5822 
InterfModel=0 65 | 2969 | 2970 | 4418 | 6246 | 5736 
InterfModel=0 66 | 2956 | 2973 | 4411 | 6147 | 5853 
InterfModel=0 67 | 2952 | 2963 | 4423 | 6059 | 5916 
InterfModel=0 68 | 2952 | 2971 | 4411 | 6081 | 5942 
InterfModel=0 69 | 2948 | 2976 | 4433 | 6100 | 5822 
InterfModel=0 70 | 2953 | 2966 | 4415 | 6117 | 5865 
InterfModel=0 71 | 2959 | 2973 | 4401 | 5980 | 5924 
InterfModel=0 72 | 2960 | 2973 | 4434 | 6073 | 5879 
InterfModel=0 73 | 2956 | 2969 | 4406 | 6006 | 5990 
InterfModel=0 74 | 2942 | 2962 | 4425 | 6090 | 5954 
InterfModel=0 75 | 2938 | 2970 | 4432 | 6102 | 5974 
InterfModel=0 76 | 2948 | 2969 | 4425 | 6153 | 5865 
InterfModel=0 77 | 2946 | 2965 | 4436 | 5999 | 6033 
InterfModel=0 78 | 2961 | 2976 | 4403 | 6047 | 5966 
InterfModel=0 79 | 2943 | 2975 | 4441 | 6157 | 5865 
InterfModel=0 80 | 2950 | 2972 | 4434 | 5962 | 6035 
InterfModel=0 81 | 2950 | 2967 | 4426 | 6059 | 5867 
InterfModel=0 82 | 2941 | 2967 | 4423 | 6117 | 5895 
InterfModel=0 83 | 2955 | 2966 | 4425 | 6048 | 5819 
InterfModel=0 84 | 2966 | 2968 | 4416 | 6025 | 6019 
InterfModel=0 85 | 2952 | 2975 | 4445 | 6091 | 5895 
InterfModel=0 86 | 2968 | 2975 | 4421 | 6076 | 5823 
InterfModel=0 87 | 2961 | 2966 | 4434 | 5988 | 6009 
InterfModel=0 88 | 2955 | 2968 | 4419 | 5988 | 6010 
InterfModel=0 89 | 2944 | 2975 | 4418 | 6129 | 5759 
InterfModel=0 90 | 2957 | 2966 | 4429 | 6185 | 5830 
InterfModel=0 91 | 2957 | 2967 | 4419 | 6060 | 5913 
InterfModel=0 92 | 2953 | 2972 | 4418 | 6166 | 5802 
InterfModel=0 93 | 2962 | 2969 | 4432 | 6073 | 5877 
InterfModel=0 94 | 2944 | 2975 | 4420 | 6135 | 5795 
InterfModel=0 95 | 2959 | 2972 | 4431 | 6084 | 5765 
InterfModel=0 96 | 2953 | 2972 | 4436 | 6150 | 5893 
InterfModel=0 97 | 2953 | 2978 | 4431 | 6056 | 5960 
InterfModel=0 98 | 2947 | 2967 | 4440 | 6102 | 5914 
InterfModel=0 99 | 2961 | 2972 | 4418 | 6066 | 5836 
InterfModel=1 0 | 2904 | 2902 | 4346 | 5019 | 4670 
InterfModel=1 1 | 2895 | 2922 | 4374 | 5253 | 4707 
InterfModel=1 2 | 2900 | 2903 | 4329 | 5085 | 4782 
InterfModel=1 3 | 2889 | 2889 | 4338 | 5121 | 4725 
InterfModel=1 4 | 2900 | 2918 | 4360 | 5134 | 4768 
InterfModel=1 5 | 2898 | 2907 | 4302 | 5153 | 4802 
InterfModel=1 6 | 2886 | 2920 | 4360 | 5013 | 4709 
InterfModel=1 7 | 2909 | 2895 | 4343 | 4904 | 4873 
InterfModel=1 8 | 2882 | 2920 | 4335 | 5094 | 4850 
InterfModel=1 9 | 2899 | 2897 | 4347 | 5065 | 4801 
InterfModel=1 10 | 2895 | 2917 | 4332 | 5063 | 4722 
InterfModel=1 11 | 2905 | 2914 | 4333 | 5018 | 4794 
InterfModel=1 12 | 2879 | 2908 | 4352 | 5184 | 4768 
InterfModel=1 13 | 2882 | 2917 | 4343 | 5004 | 4749 
InterfModel=1 14 | 2884 | 2908 | 4337 | 5054 | 4736 
InterfModel=1 15 | 2889 | 2905 | 4332 | 5109 | 4713 
InterfModel=1 16 | 2899 | 2917 | 4362 | 5038 | 4800 
InterfModel=1 17 | 2902 | 2916 | 4330 | 5060 | 4810 
InterfModel=1 18 | 2887 | 2920 | 4318 | 5193 | 4734 
InterfModel=1 19 | 2881 | 2904 | 4316 | 5167 | 4727 
InterfModel=1 20 | 2911 | 2917 | 4332 | 5088 | 4730 
InterfModel=1 21 | 2889 | 2920 | 4352 | 5059 | 4659 
InterfModel=1 22 | 2892 | 2906 | 4335 | 4952 | 4816 
InterfModel=1 23 | 2892 | 2922 | 4332 | 5058 | 4682 
InterfModel=1 24 | 2891 | 2930 | 4334 | 5090 | 4779 
InterfModel=1 25 | 2898 | 2940 | 4350 | 5079 | 4805 
InterfModel=1 26 | 2892 | 2919 | 4368 | 5094 | 4698 
InterfModel=1 27 | 2911 | 2914 | 4331 | 5079 | 4845 
InterfModel=1 28 | 2899 | 2920 | 4319 | 5052 | 4810 
InterfModel=1 29 | 2896 | 2910 | 4339 | 5080 | 4839 
InterfModel=1 30 | 2889 | 2921 | 4345 | 5079 | 4765 
InterfModel=1 31 | 2899 | 2930 | 4360 | 5319 | 4650 
InterfModel=1 32 | 2909 | 2907 | 4375 | 4988 | 4694 
InterfModel=1 33 | 2878 | 2904 | 4323 | 4989 | 4817 
InterfModel=1 34 | 2898 | 2913 | 4326 | 5155 | 4733 
InterfModel=1 35 | 2901 | 2918 | 4357 | 5146 | 4762 
InterfModel=1 36 | 2881 | 2912 | 4349 | 5088 | 4706 
InterfModel=1 37 | 2886 | 2907 | 4347 | 5112 | 4707 
InterfModel=1 38 | 2909 | 2896 | 4330 | 4893 | 4867 
InterfModel=1 39 | 2907 | 2907 | 4315 | 5066 | 4829 
InterfModel=1 40 | 2895 | 2899 | 4341 | 5131 | 4766 
InterfModel=1 41 | 2880 | 2914 | 4337 | 5118 | 4789 
InterfModel=1 42 | 2911 | 2904 | 4331 | 5099 | 4657 
InterfModel=1 43 | 2882 | 2912 | 4337 | 5226 | 4607 
InterfModel=1 44 | 2887 | 2899 | 4320 | 5023 | 4737 
InterfModel=1 45 | 2883 | 2923 | 4343 | 5024 | 4834 
InterfModel=1 46 | 2888 | 2908 | 4347 | 5120 | 4755 
InterfModel=1 47 | 2910 | 2921 | 4342 | 5151 | 4707 
InterfModel=1 48 | 2883 | 2892 | 4346 | 5214 | 4679 
InterfModel=1 49 | 2883 | 2904 | 4350 | 5125 | 4748 
InterfModel=1 50 | 2895 | 2903 | 4342 | 5082 | 4649 
InterfModel=1 51 | 2878 | 2913 | 4317 | 5028 | 4792 
InterfModel=1 52 | 2912 | 2918 | 4322 | 5095 | 4793 
InterfModel=1 53 | 2890 | 2917 | 4333 | 5119 | 4742 
InterfModel=1 54 | 2894 | 2905 | 4319 | 4999 | 4823 
InterfModel=1 55 | 2883 | 2914 | 4313 | 5155 | 4773 
InterfModel=1 56 | 2892 | 2913 | 4353 | 5017 | 4799 
InterfModel=1 57 | 2899 | 2894 | 4333 | 5034 | 4730 
InterfModel=1 58 | 2888 | 2897 | 4334 | 5037 | 4692 
InterfModel=1 59 | 2900 | 2898 | 4336 | 5029 | 4747 
InterfModel=1 60 | 2883 | 2887 | 4325 | 5110 | 4727 
InterfModel=1 61 | 2884 | 2932 | 4351 | 5135 | 4683 
InterfModel=1 62 | 2866 | 2902 | 4341 | 5111 | 4701 
InterfModel=1 63 | 2886 | 2910 | 4320 | 5112 | 4828 
InterfModel=1 64 | 2881 | 2911 | 4316 | 4962 | 4677 
InterfModel=1 65 | 2900 | 2911 | 4357 | 5031 | 4744 
InterfModel=1 66 | 2890 | 2915 | 4363 | 5196 | 4714 
InterfModel=1 67 | 2894 | 2923 | 4348 | 5173 | 4771 
InterfModel=1 68 | 2921 | 2916 | 4344 | 5246 | 4608 
InterfModel=1 69 | 2909 | 2933 | 4357 | 5098 | 4758 
InterfModel=1 70 | 2876 | 2912 | 4355 | 5023 | 4796 
InterfModel=1 71 | 2884 | 2904 | 4342 | 4955 | 4919 
InterfModel=1 72 | 2882 | 2899 | 4358 | 5098 | 4768 
InterfModel=1 73 | 2896 | 2904 | 4377 | 5092 | 4818 
InterfModel=1 74 | 2890 | 2913 | 4364 | 5011 | 4793 
InterfModel=1 75 | 2892 | 2906 | 4344 | 5043 | 4763 
InterfModel=1 76 | 2893 | 2914 | 4322 | 5020 | 4743 
InterfModel=1 77 | 2883 | 2899 | 4340 | 5094 | 4656 
InterfModel=1 78 | 2892 | 2925 | 4351 | 5116 | 4697 
InterfModel=1 79 | 2869 | 2902 | 4330 | 5103 | 4754 
InterfModel=1 80 | 2884 | 2908 | 4360 | 4995 | 4820 
InterfModel=1 81 | 2893 | 2910 | 4333 | 5142 | 4647 
InterfModel=1 82 | 2899 | 2895 | 4338 | 5017 | 4817 
InterfModel=1 83 | 2886 | 2907 | 4339 | 5002 | 4838 
InterfModel=1 84 | 2911 | 2921 | 4364 | 5207 | 4701 
InterfModel=1 85 | 2901 | 2917 | 4341 | 5002 | 4816 
InterfModel=1 86 | 2892 | 2912 | 4335 | 5088 | 4847 
InterfModel=1 87 | 2877 | 2918 | 4363 | 5144 | 4628 
InterfModel=1 88 | 2890 | 2919 | 4355 | 5134 | 4634 
InterfModel=1 89 | 2879 | 2930 | 4336 | 4999 | 4691 
InterfModel=1 90 | 2901 | 2924 | 4348 | 4955 | 4810 
InterfModel=1 91 | 2894 | 2893 | 4331 | 4980 | 4881 
InterfModel=1 92 | 2894 | 2901 | 4324 | 5123 | 4662 
InterfModel=1 93 | 2888 | 2911 | 4285 | 5216 | 4695 
InterfModel=1 94 | 2898 | 2910 | 4311 | 5009 | 4661 
InterfModel=1 95 | 2879 | 2920 | 4335 | 5062 | 4863 
InterfModel=1 96 | 2892 | 2927 | 4333 | 5040 | 4844 
InterfModel=1 97 | 2873 | 2907 | 4346 | 5088 | 4816 
InterfModel=1 98 | 2874 | 2899 | 4331 | 4924 | 4662 
InterfModel=1 99 | 2924 | 2921 | 4339 | 4992 | 4800 
InterfModel=2 0 | 2933 | 2981 | 4387 | 5593 | 5149 
InterfModel=2 1 | 2916 | 2984 | 4372 | 5726 | 5101 
InterfModel=2 2 | 2928 | 2972 | 4371 | 5633 | 5123 
InterfModel=2 3 | 2921 | 2971 | 4352 | 5596 | 5188 
InterfModel=2 4 | 2910 | 2977 | 4371 | 5618 | 5127 
InterfModel=2 5 | 2912 | 2962 | 4372 | 5457 | 5349 
InterfModel=2 6 | 2935 | 2969 | 4404 | 5578 | 5187 
InterfModel=2 7 | 2914 | 2974 | 4382 | 5488 | 5298 
InterfModel=2 8 | 2917 | 2974 | 4348 | 5470 | 5309 
InterfModel=2 9 | 2911 | 2978 | 4373 | 5550 | 5227 
InterfModel=2 10 | 2938 | 2975 | 4363 | 5431 | 5266 
InterfModel=2 11 | 2921 | 2966 | 4362 | 5653 | 5194 
InterfModel=2 12 | 2914 | 2979 | 4359 | 5563 | 5260 
InterfModel=2 13 | 2928 | 2969 | 4371 | 5498 | 5203 
InterfModel=2 14 | 2908 | 2971 | 4366 | 5736 | 5098 
InterfModel=2 15 | 2920 | 2976 | 4369 | 5525 | 5239 
InterfModel=2 16 | 2924 | 2978 | 4376 | 5620 | 5110 
InterfModel=2 17 | 2916 | 2965 | 4387 | 5687 | 5218 
InterfModel=2 18 | 2924 | 2973 | 4362 | 5580 | 5284 
InterfModel=2 19 | 2910 | 2966 | 4367 | 5460 | 5288 
InterfModel=2 20 | 2917 | 2968 | 4364 | 5548 | 5183 
InterfModel=2 21 | 2908 | 2969 | 4376 | 5628 | 5214 
InterfModel=2 22 | 2934 | 2971 | 4380 | 5625 | 5072 
InterfModel=2 23 | 2912 | 2975 | 4347 | 5559 | 5183 
InterfModel=2 24 | 2910 | 2961 | 4383 | 5618 | 5191 
InterfModel=2 25 | 2915 | 2976 | 4357 | 5575 | 5312 
InterfModel=2 26 | 2909 | 2966 | 4388 | 5704 | 5233 
InterfModel=2 27 | 2916 | 2974 | 4359 | 5587 | 5179 
InterfModel=2 28 | 2922 | 2963 | 4376 | 5721 | 5072 
InterfModel=2 29 | 2918 | 2977 | 4394 | 5598 | 5159 
InterfModel=2 30 | 2937 | 2972 | 4369 | 5594 | 5117 
InterfModel=2 31 | 2912 | 2981 | 4359 | 5677 | 5142 
InterfModel=2 32 | 2938 | 2977 | 4370 | 5736 | 5015 
InterfModel=2 33 | 2911 | 2973 | 4400 | 5607 | 5192 
InterfModel=2 34 | 2912 | 2981 | 4360 | 5636 | 5103 
InterfModel=2 35 | 2927 | 2962 | 4360 | 5672 | 5134 
InterfModel=2 36 | 2909 | 2979 | 4371 | 5628 | 5168 
InterfModel=2 37 | 2933 | 2972 | 4379 | 5801 | 5078 
InterfModel=2 38 | 2929 | 2969 | 4362 | 5537 | 5248 
InterfModel=2 39 | 2917 | 2969 | 4373 | 5637 | 5129 
InterfModel=2 40 | 2919 | 2962 | 4376 | 5630 | 5211 
InterfModel=2 41 | 2921 | 2975 | 4376 | 5665 | 5111 
InterfModel=2 42 | 2920 | 2976 | 4368 | 5544 | 5211 
InterfModel=2 43 | 2920 | 2974 | 4360 | 5601 | 5206 
InterfModel=2 44 | 2904 | 2972 | 4339 | 5649 | 5306 
InterfModel=2 45 | 2930 | 2967 | 4401 | 5565 | 5209 
InterfModel=2 46 | 2910 | 2967 | 4381 | 5512 | 5313 
InterfModel=2 47 | 2915 | 2973 | 4383 | 5689 | 5171 
InterfModel=2 48 | 2928 | 2971 | 4387 | 5800 | 5091 
InterfModel=2 49 | 2920 | 2972 | 4361 | 5661 | 5060 
InterfModel=2 50 | 2916 | 2962 | 4357 | 5685 | 5094 
InterfModel=2 51 | 2917 | 2972 | 4375 | 5676 | 5127 
InterfModel=2 52 | 2930 | 2969 | 4391 | 5641 | 5087 
InterfModel=2 53 | 2918 | 2963 | 4378 | 5702 | 5040 
InterfModel=2 54 | 2922 | 2975 | 4360 | 5596 | 5138 
InterfModel=2 55 | 2928 | 2967 | 4365 | 5585 | 5262 
InterfModel=2 56 | 2904 | 2971 | 4388 | 5532 | 5172 
InterfModel=2 57 | 2911 | 2970 | 4362 | 5456 | 5226 
InterfModel=2 58 | 2903 | 2963 | 4361 | 5629 | 5276 
InterfModel=2 59 | 2917 | 2957 | 4353 | 5600 | 5178 
InterfModel=2 60 | 2912 | 2969 | 4380 | 5561 | 5289 
InterfModel=2 61 | 2921 | 2977 | 4389 | 5576 | 5191 
InterfModel=2 62 | 2915 | 2967 | 4366 | 5579 | 5212 
InterfModel=2 63 | 2929 | 2973 | 4380 | 5619 | 5175 
InterfModel=2 64 | 2923 | 2966 | 4374 | 5680 | 5121 
InterfModel=2 65 | 2902 | 2970 | 4364 | 5597 | 5120 
InterfModel=2 66 | 2906 | 2970 | 4344 | 5574 | 5281 
InterfModel=2 67 | 2917 | 2963 | 4374 | 5511 | 5320 
InterfModel=2 68 | 2918 | 2959 | 4360 | 5568 | 5228 
InterfModel=2 69 | 2919 | 2960 | 4368 | 5639 | 5237 
InterfModel=2 70 | 2931 | 2970 | 4337 | 5614 | 5181 
InterfModel=2 71 | 2931 | 2970 | 4374 | 5571 | 5303 
InterfModel=2 72 | 2912 | 2966 | 4342 | 5363 | 5288 
InterfModel=2 73 | 2911 | 2973 | 4363 | 5740 | 5064 
InterfModel=2 74 | 2925 | 2970 | 4381 | 5518 | 5295 
InterfModel=2 75 | 2919 | 2972 | 4377 | 5398 | 5293 
InterfModel=2 76 | 2920 | 2969 | 4369 | 5658 | 5122 
InterfModel=2 77 | 2911 | 2976 | 4388 | 5512 | 5197 
InterfModel=2 78 | 2922 | 2959 | 4388 | 5768 | 5112 
InterfModel=2 79 | 2921 | 2978 | 4382 | 5633 | 5209 
InterfModel=2 80 | 2889 | 2973 | 4365 | 5633 | 5206 
InterfModel=2 81 | 2933 | 2978 | 4389 | 5577 | 5228 
InterfModel=2 82 | 2929 | 2969 | 4371 | 5735 | 5140 
InterfModel=2 83 | 2919 | 2961 | 4369 | 5530 | 5341 
InterfModel=2 84 | 2929 | 2968 | 4370 | 5674 | 5138 
InterfModel=2 85 | 2933 | 2970 | 4368 | 5706 | 5127 
InterfModel=2 86 | 2909 | 2972 | 4388 | 5407 | 5383 
InterfModel=2 87 | 2919 | 2971 | 4358 | 5598 | 5176 
InterfModel=2 88 | 2914 | 2975 | 4377 | 5649 | 5126 
InterfModel=2 89 | 2914 | 2960 | 4378 | 5612 | 5230 
InterfModel=2 90 | 2927 | 2968 | 4365 | 5647 | 5191 
InterfModel=2 91 | 2937 | 2974 | 4373 | 5612 | 5174 
InterfModel=2 92 | 2913 | 2963 | 4380 | 5462 | 5248 
InterfModel=2 93 | 2906 | 2969 | 4384 | 5642 | 5151 
InterfModel=2 94 | 2917 | 2970 | 4361 | 5579 | 5228 
InterfModel=2 95 | 2927 | 2968 | 4371 | 5549 | 5257 
InterfModel=2 96 | 2918 | 2963 | 4373 | 5570 | 5232 
InterfModel=2 97 | 2919 | 2956 | 4371 | 5642 | 5192 
InterfModel=2 98 | 2915 | 2971 | 4375 | 5502 | 5255 
InterfModel=2 99 | 2933 | 2977 | 4349 | 5629 | 5213 

