CastaliaResults -i saida.txt -s Packets reception rate -n --all -o2                                                                    

Application:Packets reception rate - total
 | index=1 | index=2 | index=3 | index=4 | index=5
InterfModel=0 | 0.98 | 0.99 | 0.976 | 0.808 | 0.79 
InterfModel=1 | 0.952 | 0.962 | 0.943 | 0.673 | 0.642 
InterfModel=2 | 0.96 | 0.987 | 0.955 | 0.743 | 0.714 
Application:Packets reception rate - all values
 | index=1 | index=2 | index=3 | index=4 | index=5
InterfModel=0 0 | 0.973658 | 0.985995 | 0.975328 | 0.805174 | 0.785571 
InterfModel=0 1 | 0.979326 | 0.989997 | 0.976217 | 0.798506 | 0.799973 
InterfModel=0 2 | 0.97866 | 0.989663 | 0.975328 | 0.7988 | 0.79824 
InterfModel=0 3 | 0.976325 | 0.990664 | 0.973105 | 0.813308 | 0.784771 
InterfModel=0 4 | 0.982994 | 0.99133 | 0.972883 | 0.821286 | 0.771806 
InterfModel=0 5 | 0.977326 | 0.986329 | 0.973994 | 0.790372 | 0.809683 
InterfModel=0 6 | 0.974325 | 0.99133 | 0.974661 | 0.82531 | 0.773733 
InterfModel=0 7 | 0.982661 | 0.98933 | 0.973327 | 0.809441 | 0.787038 
InterfModel=0 8 | 0.977659 | 0.987329 | 0.974661 | 0.813308 | 0.791839 
InterfModel=0 9 | 0.976992 | 0.987329 | 0.975328 | 0.812508 | 0.785971 
InterfModel=0 10 | 0.984328 | 0.990667 | 0.969993 | 0.819685 | 0.763568 
InterfModel=0 11 | 0.976992 | 0.992998 | 0.973772 | 0.803841 | 0.791439 
InterfModel=0 12 | 0.984662 | 0.989663 | 0.976439 | 0.80264 | 0.804107 
InterfModel=0 13 | 0.983995 | 0.986996 | 0.977551 | 0.817709 | 0.787277 
InterfModel=0 14 | 0.981327 | 0.989997 | 0.981329 | 0.823443 | 0.785438 
InterfModel=0 15 | 0.983333 | 0.989663 | 0.976884 | 0.805174 | 0.80104 
InterfModel=0 16 | 0.98066 | 0.988996 | 0.976884 | 0.813417 | 0.785038 
InterfModel=0 17 | 0.984328 | 0.993331 | 0.975772 | 0.821953 | 0.787572 
InterfModel=0 18 | 0.980994 | 0.994331 | 0.976656 | 0.787305 | 0.804641 
InterfModel=0 19 | 0.979333 | 0.988329 | 0.975106 | 0.818376 | 0.794639 
InterfModel=0 20 | 0.979326 | 0.990997 | 0.97555 | 0.809949 | 0.773303 
InterfModel=0 21 | 0.979993 | 0.99133 | 0.973556 | 0.792878 | 0.794745 
InterfModel=0 22 | 0.980327 | 0.992333 | 0.973772 | 0.805333 | 0.796479 
InterfModel=0 23 | 0.982327 | 0.98933 | 0.976217 | 0.82291 | 0.779541 
InterfModel=0 24 | 0.979993 | 0.990997 | 0.978884 | 0.809841 | 0.777437 
InterfModel=0 25 | 0.97966 | 0.991664 | 0.973327 | 0.814375 | 0.785571 
InterfModel=0 26 | 0.97866 | 0.986662 | 0.973327 | 0.811708 | 0.77557 
InterfModel=0 27 | 0.975659 | 0.988667 | 0.973327 | 0.809175 | 0.785305 
InterfModel=0 28 | 0.978 | 0.992331 | 0.977995 | 0.785009 | 0.788372 
InterfModel=0 29 | 0.974325 | 0.990997 | 0.975995 | 0.818509 | 0.792772 
InterfModel=0 30 | 0.982327 | 0.99133 | 0.975772 | 0.808133 | 0.79664 
InterfModel=0 31 | 0.979326 | 0.986996 | 0.976439 | 0.82251 | 0.786772 
InterfModel=0 32 | 0.981327 | 0.99033 | 0.974217 | 0.813417 | 0.784638 
InterfModel=0 33 | 0.984995 | 0.988329 | 0.976662 | 0.808108 | 0.80104 
InterfModel=0 34 | 0.979326 | 0.992331 | 0.981551 | 0.803307 | 0.789972 
InterfModel=0 35 | 0.980994 | 0.989997 | 0.97355 | 0.798907 | 0.793306 
InterfModel=0 36 | 0.979667 | 0.989663 | 0.978217 | 0.813042 | 0.789944 
InterfModel=0 37 | 0.981661 | 0.98933 | 0.971771 | 0.817709 | 0.781571 
InterfModel=0 38 | 0.97966 | 0.99133 | 0.976662 | 0.815467 | 0.778904 
InterfModel=0 39 | 0.975659 | 0.987663 | 0.973327 | 0.800373 | 0.808241 
InterfModel=0 40 | 0.983995 | 0.987663 | 0.97355 | 0.801067 | 0.795545 
InterfModel=0 41 | 0.974992 | 0.992331 | 0.976884 | 0.799307 | 0.797946 
InterfModel=0 42 | 0.97866 | 0.990997 | 0.974661 | 0.786505 | 0.803974 
InterfModel=0 43 | 0.978993 | 0.990333 | 0.976217 | 0.8112 | 0.791305 
InterfModel=0 44 | 0.976659 | 0.986329 | 0.976889 | 0.805015 | 0.79784 
InterfModel=0 45 | 0.983661 | 0.99133 | 0.975106 | 0.812908 | 0.791572 
InterfModel=0 46 | 0.980994 | 0.989663 | 0.979551 | 0.80184 | 0.80224 
InterfModel=0 47 | 0.98066 | 0.989663 | 0.974439 | 0.810241 | 0.796906 
InterfModel=0 48 | 0.984995 | 0.989333 | 0.975106 | 0.814484 | 0.778608 
InterfModel=0 49 | 0.981994 | 0.988663 | 0.97355 | 0.808241 | 0.792239 
InterfModel=0 50 | 0.977659 | 0.990664 | 0.97555 | 0.819552 | 0.779808 
InterfModel=0 51 | 0.981327 | 0.986662 | 0.979551 | 0.811683 | 0.78581 
InterfModel=0 52 | 0.979993 | 0.990664 | 0.978667 | 0.814375 | 0.792772 
InterfModel=0 53 | 0.981 | 0.99033 | 0.971327 | 0.808241 | 0.785438 
InterfModel=0 54 | 0.978993 | 0.990664 | 0.977995 | 0.799173 | 0.803707 
InterfModel=0 55 | 0.982327 | 0.989663 | 0.971549 | 0.807174 | 0.786905 
InterfModel=0 56 | 0.977326 | 0.990664 | 0.974217 | 0.793039 | 0.8052 
InterfModel=0 57 | 0.982994 | 0.99033 | 0.975106 | 0.80224 | 0.797173 
InterfModel=0 58 | 0.981994 | 0.99133 | 0.974667 | 0.813175 | 0.784905 
InterfModel=0 59 | 0.973324 | 0.991997 | 0.977551 | 0.814375 | 0.770205 
InterfModel=0 60 | 0.974992 | 0.99133 | 0.977995 | 0.817576 | 0.780771 
InterfModel=0 61 | 0.985328 | 0.989663 | 0.972438 | 0.804374 | 0.795812 
InterfModel=0 62 | 0.977993 | 0.989997 | 0.974217 | 0.805707 | 0.79704 
InterfModel=0 63 | 0.976333 | 0.98933 | 0.976444 | 0.808241 | 0.785038 
InterfModel=0 64 | 0.977993 | 0.989663 | 0.976884 | 0.783171 | 0.795306 
InterfModel=0 65 | 0.981661 | 0.988996 | 0.973772 | 0.819467 | 0.780904 
InterfModel=0 66 | 0.981661 | 0.98933 | 0.970222 | 0.818509 | 0.789439 
InterfModel=0 67 | 0.981994 | 0.992331 | 0.973994 | 0.807708 | 0.795573 
InterfModel=0 68 | 0.986329 | 0.988663 | 0.973772 | 0.794373 | 0.790878 
InterfModel=0 69 | 0.979326 | 0.987996 | 0.972661 | 0.812108 | 0.794506 
InterfModel=0 70 | 0.986329 | 0.986662 | 0.980885 | 0.816351 | 0.779837 
InterfModel=0 71 | 0.982327 | 0.989997 | 0.974883 | 0.797973 | 0.80184 
InterfModel=0 72 | 0.977659 | 0.988996 | 0.976662 | 0.7972 | 0.812108 
InterfModel=0 73 | 0.981327 | 0.99033 | 0.978662 | 0.8104 | 0.785705 
InterfModel=0 74 | 0.980994 | 0.988329 | 0.975328 | 0.808775 | 0.80088 
InterfModel=0 75 | 0.977326 | 0.989333 | 0.976217 | 0.812642 | 0.786638 
InterfModel=0 76 | 0.980327 | 0.987996 | 0.975772 | 0.82131 | 0.77437 
InterfModel=0 77 | 0.977993 | 0.990333 | 0.977995 | 0.807041 | 0.803333 
InterfModel=0 78 | 0.977326 | 0.98933 | 0.974 | 0.803574 | 0.7956 
InterfModel=0 79 | 0.983661 | 0.989663 | 0.979329 | 0.815842 | 0.795439 
InterfModel=0 80 | 0.978326 | 0.986662 | 0.977328 | 0.791839 | 0.798373 
InterfModel=0 81 | 0.977659 | 0.985995 | 0.978217 | 0.82731 | 0.779837 
InterfModel=0 82 | 0.982333 | 0.987996 | 0.977328 | 0.826354 | 0.77277 
InterfModel=0 83 | 0.981994 | 0.987996 | 0.975328 | 0.798746 | 0.799173 
InterfModel=0 84 | 0.978333 | 0.992664 | 0.979329 | 0.826644 | 0.775303 
InterfModel=0 85 | 0.977659 | 0.989 | 0.980662 | 0.817576 | 0.778341 
InterfModel=0 86 | 0.984328 | 0.992998 | 0.977106 | 0.7952 | 0.805707 
InterfModel=0 87 | 0.976659 | 0.985667 | 0.976439 | 0.802614 | 0.789572 
InterfModel=0 88 | 0.977659 | 0.988663 | 0.980662 | 0.798373 | 0.799146 
InterfModel=0 89 | 0.975325 | 0.988996 | 0.978444 | 0.8204 | 0.782267 
InterfModel=0 90 | 0.97866 | 0.992998 | 0.967326 | 0.803974 | 0.779704 
InterfModel=0 91 | 0.981661 | 0.99133 | 0.971771 | 0.808616 | 0.782371 
InterfModel=0 92 | 0.980327 | 0.989667 | 0.978662 | 0.800107 | 0.802507 
InterfModel=0 93 | 0.979993 | 0.987996 | 0.976662 | 0.824887 | 0.77717 
InterfModel=0 94 | 0.976325 | 0.992331 | 0.976439 | 0.80264 | 0.798773 
InterfModel=0 95 | 0.974992 | 0.986329 | 0.971771 | 0.807974 | 0.793572 
InterfModel=0 96 | 0.981333 | 0.990997 | 0.975995 | 0.801707 | 0.794106 
InterfModel=0 97 | 0.981661 | 0.990664 | 0.972438 | 0.796373 | 0.800907 
InterfModel=0 98 | 0.975 | 0.990333 | 0.968882 | 0.808749 | 0.789144 
InterfModel=0 99 | 0.984328 | 0.990997 | 0.977551 | 0.810641 | 0.783276 
InterfModel=1 0 | 0.954652 | 0.963321 | 0.9491 | 0.676357 | 0.631368 
InterfModel=1 1 | 0.945315 | 0.961654 | 0.947544 | 0.660221 | 0.635369 
InterfModel=1 2 | 0.947333 | 0.96032 | 0.937764 | 0.659555 | 0.650087 
InterfModel=1 3 | 0.952984 | 0.959987 | 0.945988 | 0.677381 | 0.638752 
InterfModel=1 4 | 0.950333 | 0.963321 | 0.942432 | 0.664355 | 0.65164 
InterfModel=1 5 | 0.957653 | 0.962654 | 0.923983 | 0.676447 | 0.643419 
InterfModel=1 6 | 0.951317 | 0.964667 | 0.929762 | 0.684667 | 0.65302 
InterfModel=1 7 | 0.951651 | 0.963655 | 0.953767 | 0.658488 | 0.648486 
InterfModel=1 8 | 0.952651 | 0.965655 | 0.934652 | 0.695919 | 0.642219 
InterfModel=1 9 | 0.95065 | 0.95932 | 0.927984 | 0.672756 | 0.659688 
InterfModel=1 10 | 0.957653 | 0.965989 | 0.929984 | 0.664577 | 0.634751 
InterfModel=1 11 | 0.952651 | 0.959653 | 0.943543 | 0.672446 | 0.661555 
InterfModel=1 12 | 0.952317 | 0.964655 | 0.9491 | 0.663422 | 0.640752 
InterfModel=1 13 | 0.952317 | 0.965322 | 0.925539 | 0.67538 | 0.654087 
InterfModel=1 14 | 0.961654 | 0.966656 | 0.939764 | 0.645019 | 0.659955 
InterfModel=1 15 | 0.94865 | 0.963655 | 0.940209 | 0.675157 | 0.637685 
InterfModel=1 16 | 0.954318 | 0.96132 | 0.943098 | 0.660755 | 0.643772 
InterfModel=1 17 | 0.948316 | 0.963988 | 0.946655 | 0.675557 | 0.637418 
InterfModel=1 18 | 0.94865 | 0.957653 | 0.928873 | 0.683825 | 0.645019 
InterfModel=1 19 | 0.954318 | 0.96032 | 0.934874 | 0.675914 | 0.642305 
InterfModel=1 20 | 0.959987 | 0.963 | 0.945099 | 0.67249 | 0.64702 
InterfModel=1 21 | 0.950317 | 0.957319 | 0.948433 | 0.686583 | 0.627017 
InterfModel=1 22 | 0.955318 | 0.964321 | 0.943778 | 0.680624 | 0.642267 
InterfModel=1 23 | 0.952317 | 0.956986 | 0.949544 | 0.667822 | 0.639152 
InterfModel=1 24 | 0.952984 | 0.961987 | 0.955101 | 0.665955 | 0.641819 
InterfModel=1 25 | 0.944982 | 0.965322 | 0.9491 | 0.664622 | 0.659509 
InterfModel=1 26 | 0.953985 | 0.961654 | 0.943765 | 0.67449 | 0.657154 
InterfModel=1 27 | 0.955985 | 0.966656 | 0.9491 | 0.693333 | 0.6376 
InterfModel=1 28 | 0.952317 | 0.958653 | 0.938875 | 0.683424 | 0.628834 
InterfModel=1 29 | 0.946649 | 0.96032 | 0.944877 | 0.686758 | 0.639952 
InterfModel=1 30 | 0.952317 | 0.962 | 0.947544 | 0.678448 | 0.643286 
InterfModel=1 31 | 0.952333 | 0.955985 | 0.934208 | 0.685291 | 0.629368 
InterfModel=1 32 | 0.958653 | 0.960987 | 0.944877 | 0.657688 | 0.656 
InterfModel=1 33 | 0.951651 | 0.962988 | 0.937097 | 0.668222 | 0.637818 
InterfModel=1 34 | 0.943981 | 0.963988 | 0.943765 | 0.67449 | 0.64742 
InterfModel=1 35 | 0.946982 | 0.960654 | 0.940209 | 0.667911 | 0.646486 
InterfModel=1 36 | 0.955985 | 0.974658 | 0.947988 | 0.67329 | 0.633418 
InterfModel=1 37 | 0.950317 | 0.95932 | 0.945543 | 0.669556 | 0.649867 
InterfModel=1 38 | 0.947316 | 0.96032 | 0.938209 | 0.687383 | 0.62235 
InterfModel=1 39 | 0.946982 | 0.962654 | 0.950433 | 0.67289 | 0.6428 
InterfModel=1 40 | 0.952984 | 0.960987 | 0.933333 | 0.683291 | 0.659421 
InterfModel=1 41 | 0.95065 | 0.961654 | 0.940444 | 0.664755 | 0.640752 
InterfModel=1 42 | 0.953985 | 0.963988 | 0.944877 | 0.679333 | 0.621632 
InterfModel=1 43 | 0.945315 | 0.967656 | 0.93443 | 0.672223 | 0.635285 
InterfModel=1 44 | 0.953985 | 0.962988 | 0.950878 | 0.665555 | 0.639019 
InterfModel=1 45 | 0.943314 | 0.957986 | 0.946877 | 0.670312 | 0.648753 
InterfModel=1 46 | 0.95065 | 0.966322 | 0.951767 | 0.677557 | 0.630568 
InterfModel=1 47 | 0.955318 | 0.960654 | 0.937333 | 0.67498 | 0.633418 
InterfModel=1 48 | 0.963988 | 0.956319 | 0.936653 | 0.669423 | 0.655021 
InterfModel=1 49 | 0.954333 | 0.963988 | 0.939764 | 0.666622 | 0.649153 
InterfModel=1 50 | 0.95932 | 0.960333 | 0.936667 | 0.67169 | 0.635551 
InterfModel=1 51 | 0.949983 | 0.963 | 0.956879 | 0.675423 | 0.642933 
InterfModel=1 52 | 0.952984 | 0.960654 | 0.942432 | 0.67289 | 0.64902 
InterfModel=1 53 | 0.947316 | 0.95932 | 0.949556 | 0.687025 | 0.62555 
InterfModel=1 54 | 0.948983 | 0.962654 | 0.940222 | 0.670356 | 0.639867 
InterfModel=1 55 | 0.952317 | 0.963667 | 0.934874 | 0.668089 | 0.638752 
InterfModel=1 56 | 0.947649 | 0.96132 | 0.939987 | 0.671156 | 0.633418 
InterfModel=1 57 | 0.946649 | 0.961987 | 0.944877 | 0.668178 | 0.639819 
InterfModel=1 58 | 0.951984 | 0.967989 | 0.945099 | 0.67369 | 0.632569 
InterfModel=1 59 | 0.956986 | 0.96132 | 0.947099 | 0.668312 | 0.645419 
InterfModel=1 60 | 0.948983 | 0.96032 | 0.939764 | 0.677957 | 0.625017 
InterfModel=1 61 | 0.949316 | 0.964655 | 0.929333 | 0.667556 | 0.645419 
InterfModel=1 62 | 0.956319 | 0.963988 | 0.936653 | 0.683867 | 0.636752 
InterfModel=1 63 | 0.954652 | 0.96899 | 0.942876 | 0.684316 | 0.634969 
InterfModel=1 64 | 0.953985 | 0.958653 | 0.945543 | 0.681558 | 0.639552 
InterfModel=1 65 | 0.949316 | 0.962654 | 0.948211 | 0.671823 | 0.640752 
InterfModel=1 66 | 0.951333 | 0.959987 | 0.936875 | 0.687692 | 0.627417 
InterfModel=1 67 | 0.952317 | 0.965322 | 0.951556 | 0.677424 | 0.636752 
InterfModel=1 68 | 0.951651 | 0.962321 | 0.955101 | 0.672446 | 0.642752 
InterfModel=1 69 | 0.950984 | 0.960667 | 0.94132 | 0.670356 | 0.657688 
InterfModel=1 70 | 0.950317 | 0.96 | 0.946655 | 0.684849 | 0.62635 
InterfModel=1 71 | 0.95065 | 0.964988 | 0.954879 | 0.680891 | 0.633151 
InterfModel=1 72 | 0.954652 | 0.963655 | 0.939764 | 0.654754 | 0.642752 
InterfModel=1 73 | 0.950317 | 0.962988 | 0.948655 | 0.683024 | 0.655508 
InterfModel=1 74 | 0.951317 | 0.95932 | 0.935319 | 0.682267 | 0.628933 
InterfModel=1 75 | 0.953318 | 0.96132 | 0.940222 | 0.684891 | 0.646439 
InterfModel=1 76 | 0.952984 | 0.961654 | 0.937097 | 0.692851 | 0.619416 
InterfModel=1 77 | 0.952984 | 0.965667 | 0.931763 | 0.665689 | 0.650887 
InterfModel=1 78 | 0.957319 | 0.963988 | 0.940209 | 0.668222 | 0.643686 
InterfModel=1 79 | 0.946649 | 0.958653 | 0.952656 | 0.668089 | 0.641419 
InterfModel=1 80 | 0.958319 | 0.961987 | 0.940196 | 0.666889 | 0.660488 
InterfModel=1 81 | 0.950317 | 0.961 | 0.934874 | 0.678848 | 0.635018 
InterfModel=1 82 | 0.950984 | 0.96032 | 0.944654 | 0.676 | 0.63617 
InterfModel=1 83 | 0.945982 | 0.963988 | 0.933333 | 0.665422 | 0.634218 
InterfModel=1 84 | 0.946649 | 0.968323 | 0.944432 | 0.673246 | 0.626217 
InterfModel=1 85 | 0.947667 | 0.961987 | 0.935097 | 0.663288 | 0.644886 
InterfModel=1 86 | 0.950317 | 0.964655 | 0.950433 | 0.67449 | 0.628617 
InterfModel=1 87 | 0.956319 | 0.961987 | 0.948866 | 0.689384 | 0.636885 
InterfModel=1 88 | 0.958319 | 0.96132 | 0.953323 | 0.65262 | 0.670623 
InterfModel=1 89 | 0.953651 | 0.964321 | 0.940209 | 0.676133 | 0.628701 
InterfModel=1 90 | 0.943648 | 0.963988 | 0.947988 | 0.67289 | 0.637903 
InterfModel=1 91 | 0.957986 | 0.958319 | 0.947322 | 0.678224 | 0.646306 
InterfModel=1 92 | 0.95932 | 0.963321 | 0.939987 | 0.662488 | 0.638885 
InterfModel=1 93 | 0.948983 | 0.96 | 0.93154 | 0.679781 | 0.64982 
InterfModel=1 94 | 0.952317 | 0.965322 | 0.940431 | 0.662088 | 0.652087 
InterfModel=1 95 | 0.947983 | 0.954652 | 0.954222 | 0.680315 | 0.641019 
InterfModel=1 96 | 0.949 | 0.968323 | 0.939542 | 0.682315 | 0.643686 
InterfModel=1 97 | 0.950984 | 0.962654 | 0.952656 | 0.669645 | 0.644219 
InterfModel=1 98 | 0.948316 | 0.962988 | 0.952 | 0.660443 | 0.639819 
InterfModel=1 99 | 0.950317 | 0.951651 | 0.942889 | 0.656221 | 0.644086 
InterfModel=2 0 | 0.961987 | 0.987663 | 0.960436 | 0.747566 | 0.704721 
InterfModel=2 1 | 0.957986 | 0.987329 | 0.953323 | 0.760768 | 0.708989 
InterfModel=2 2 | 0.956986 | 0.987329 | 0.95 | 0.736765 | 0.713428 
InterfModel=2 3 | 0.957319 | 0.986329 | 0.959547 | 0.753067 | 0.705027 
InterfModel=2 4 | 0.960987 | 0.989663 | 0.953767 | 0.732631 | 0.713295 
InterfModel=2 5 | 0.962321 | 0.986662 | 0.958213 | 0.742731 | 0.706894 
InterfModel=2 6 | 0.965655 | 0.987996 | 0.953545 | 0.739299 | 0.714362 
InterfModel=2 7 | 0.959653 | 0.984667 | 0.953333 | 0.755935 | 0.704494 
InterfModel=2 8 | 0.962988 | 0.984328 | 0.942209 | 0.749433 | 0.717829 
InterfModel=2 9 | 0.964667 | 0.988329 | 0.936208 | 0.739832 | 0.72263 
InterfModel=2 10 | 0.954318 | 0.988663 | 0.942876 | 0.7477 | 0.711962 
InterfModel=2 11 | 0.955318 | 0.986329 | 0.953545 | 0.730897 | 0.726764 
InterfModel=2 12 | 0.967322 | 0.985662 | 0.946433 | 0.754101 | 0.704627 
InterfModel=2 13 | 0.953318 | 0.984662 | 0.960213 | 0.719563 | 0.738365 
InterfModel=2 14 | 0.965322 | 0.986329 | 0.959324 | 0.741032 | 0.720096 
InterfModel=2 15 | 0.955652 | 0.983995 | 0.957324 | 0.740998 | 0.72383 
InterfModel=2 16 | 0.961654 | 0.989997 | 0.957768 | 0.751434 | 0.705561 
InterfModel=2 17 | 0.960654 | 0.985995 | 0.958889 | 0.743032 | 0.719429 
InterfModel=2 18 | 0.964988 | 0.988329 | 0.953545 | 0.743432 | 0.697426 
InterfModel=2 19 | 0.959987 | 0.985328 | 0.949989 | 0.751567 | 0.715295 
InterfModel=2 20 | 0.957653 | 0.983995 | 0.958435 | 0.750767 | 0.69872 
InterfModel=2 21 | 0.963321 | 0.988996 | 0.954657 | 0.7192 | 0.72503 
InterfModel=2 22 | 0.951667 | 0.985995 | 0.960436 | 0.748333 | 0.709122 
InterfModel=2 23 | 0.955985 | 0.985662 | 0.958213 | 0.72623 | 0.72823 
InterfModel=2 24 | 0.965322 | 0.987663 | 0.95599 | 0.729394 | 0.713124 
InterfModel=2 25 | 0.962654 | 0.988663 | 0.950656 | 0.745132 | 0.722993 
InterfModel=2 26 | 0.961987 | 0.987996 | 0.957102 | 0.745532 | 0.715029 
InterfModel=2 27 | 0.962654 | 0.98933 | 0.952212 | 0.7592 | 0.711161 
InterfModel=2 28 | 0.95932 | 0.985333 | 0.959324 | 0.745966 | 0.710723 
InterfModel=2 29 | 0.952651 | 0.986662 | 0.953101 | 0.734631 | 0.717962 
InterfModel=2 30 | 0.960654 | 0.988329 | 0.95599 | 0.739965 | 0.718629 
InterfModel=2 31 | 0.961987 | 0.985328 | 0.948222 | 0.7505 | 0.705694 
InterfModel=2 32 | 0.957319 | 0.984667 | 0.957556 | 0.729164 | 0.72703 
InterfModel=2 33 | 0.96032 | 0.983995 | 0.96377 | 0.737565 | 0.717962 
InterfModel=2 34 | 0.968656 | 0.984662 | 0.954212 | 0.738365 | 0.72383 
InterfModel=2 35 | 0.958319 | 0.986329 | 0.955768 | 0.7533 | 0.700893 
InterfModel=2 36 | 0.955985 | 0.986662 | 0.95888 | 0.7537 | 0.708589 
InterfModel=2 37 | 0.959987 | 0.987663 | 0.96088 | 0.734898 | 0.709656 
InterfModel=2 38 | 0.954652 | 0.988 | 0.945099 | 0.740632 | 0.713962 
InterfModel=2 39 | 0.953985 | 0.986996 | 0.956222 | 0.735031 | 0.7052 
InterfModel=2 40 | 0.958986 | 0.986329 | 0.948655 | 0.732898 | 0.730231 
InterfModel=2 41 | 0.960654 | 0.987329 | 0.963325 | 0.751934 | 0.704494 
InterfModel=2 42 | 0.959987 | 0.988 | 0.961547 | 0.734098 | 0.718496 
InterfModel=2 43 | 0.96132 | 0.985328 | 0.952878 | 0.757301 | 0.69756 
InterfModel=2 44 | 0.959653 | 0.986996 | 0.950656 | 0.741699 | 0.726764 
InterfModel=2 45 | 0.958986 | 0.984662 | 0.96088 | 0.744465 | 0.702721 
InterfModel=2 46 | 0.962988 | 0.988996 | 0.954879 | 0.753434 | 0.709389 
InterfModel=2 47 | 0.956986 | 0.988329 | 0.961325 | 0.742899 | 0.714667 
InterfModel=2 48 | 0.955985 | 0.986662 | 0.945321 | 0.744366 | 0.715257 
InterfModel=2 49 | 0.961 | 0.985662 | 0.951322 | 0.738498 | 0.702227 
InterfModel=2 50 | 0.961987 | 0.985 | 0.943098 | 0.72823 | 0.720992 
InterfModel=2 51 | 0.962988 | 0.984328 | 0.958435 | 0.743166 | 0.709428 
InterfModel=2 52 | 0.959667 | 0.988329 | 0.958213 | 0.727297 | 0.715695 
InterfModel=2 53 | 0.953651 | 0.987663 | 0.955101 | 0.738498 | 0.704494 
InterfModel=2 54 | 0.95932 | 0.986996 | 0.965548 | 0.751434 | 0.699027 
InterfModel=2 55 | 0.966989 | 0.99033 | 0.957546 | 0.743166 | 0.714629 
InterfModel=2 56 | 0.959987 | 0.986662 | 0.951322 | 0.738063 | 0.712095 
InterfModel=2 57 | 0.964655 | 0.99 | 0.962444 | 0.728097 | 0.731262 
InterfModel=2 58 | 0.953651 | 0.983995 | 0.957324 | 0.735431 | 0.727661 
InterfModel=2 59 | 0.956652 | 0.986667 | 0.955768 | 0.736498 | 0.723526 
InterfModel=2 60 | 0.950984 | 0.990997 | 0.954889 | 0.742933 | 0.716229 
InterfModel=2 61 | 0.963321 | 0.986662 | 0.959111 | 0.724097 | 0.716896 
InterfModel=2 62 | 0.96032 | 0.983661 | 0.950878 | 0.734498 | 0.729467 
InterfModel=2 63 | 0.963 | 0.988 | 0.960213 | 0.736632 | 0.710628 
InterfModel=2 64 | 0.965655 | 0.98933 | 0.959991 | 0.745033 | 0.703521 
InterfModel=2 65 | 0.957 | 0.990664 | 0.96088 | 0.750633 | 0.702054 
InterfModel=2 66 | 0.962321 | 0.983328 | 0.951322 | 0.743467 | 0.705255 
InterfModel=2 67 | 0.963 | 0.985995 | 0.956213 | 0.730231 | 0.719029 
InterfModel=2 68 | 0.95932 | 0.98933 | 0.961769 | 0.733431 | 0.718229 
InterfModel=2 69 | 0.957319 | 0.985662 | 0.957991 | 0.751567 | 0.703827 
InterfModel=2 70 | 0.961987 | 0.983328 | 0.955546 | 0.742232 | 0.714229 
InterfModel=2 71 | 0.963988 | 0.98933 | 0.949322 | 0.75 | 0.709161 
InterfModel=2 72 | 0.96132 | 0.988667 | 0.954444 | 0.755034 | 0.702494 
InterfModel=2 73 | 0.955318 | 0.986329 | 0.945099 | 0.735565 | 0.729164 
InterfModel=2 74 | 0.965989 | 0.990664 | 0.952434 | 0.733262 | 0.721029 
InterfModel=2 75 | 0.960654 | 0.98933 | 0.9491 | 0.72183 | 0.731164 
InterfModel=2 76 | 0.957653 | 0.983661 | 0.959769 | 0.746199 | 0.719029 
InterfModel=2 77 | 0.960654 | 0.987663 | 0.952656 | 0.756101 | 0.69916 
InterfModel=2 78 | 0.955318 | 0.987996 | 0.964214 | 0.755567 | 0.70036 
InterfModel=2 79 | 0.952984 | 0.986329 | 0.95599 | 0.7513 | 0.7096 
InterfModel=2 80 | 0.960987 | 0.985995 | 0.953323 | 0.745333 | 0.721392 
InterfModel=2 81 | 0.956652 | 0.987996 | 0.955768 | 0.745932 | 0.727964 
InterfModel=2 82 | 0.962654 | 0.989663 | 0.951767 | 0.760368 | 0.702894 
InterfModel=2 83 | 0.961987 | 0.990664 | 0.956213 | 0.751834 | 0.699427 
InterfModel=2 84 | 0.956652 | 0.983995 | 0.953556 | 0.741931 | 0.716096 
InterfModel=2 85 | 0.955652 | 0.986329 | 0.950878 | 0.760336 | 0.710495 
InterfModel=2 86 | 0.968656 | 0.98933 | 0.959991 | 0.718192 | 0.732631 
InterfModel=2 87 | 0.963321 | 0.987663 | 0.958658 | 0.761302 | 0.690984 
InterfModel=2 88 | 0.958986 | 0.988329 | 0.961992 | 0.739699 | 0.717925 
InterfModel=2 89 | 0.956986 | 0.984328 | 0.953545 | 0.743467 | 0.721392 
InterfModel=2 90 | 0.951984 | 0.986996 | 0.948211 | 0.756501 | 0.694093 
InterfModel=2 91 | 0.954 | 0.986333 | 0.952656 | 0.766636 | 0.703694 
InterfModel=2 92 | 0.955652 | 0.988663 | 0.95599 | 0.743299 | 0.710095 
InterfModel=2 93 | 0.961654 | 0.982994 | 0.957324 | 0.72743 | 0.7224 
InterfModel=2 94 | 0.960987 | 0.986329 | 0.950433 | 0.741432 | 0.709695 
InterfModel=2 95 | 0.963655 | 0.983661 | 0.949544 | 0.756667 | 0.711962 
InterfModel=2 96 | 0.96132 | 0.985995 | 0.953545 | 0.732498 | 0.709256 
InterfModel=2 97 | 0.958653 | 0.986662 | 0.950878 | 0.758 | 0.710361 
InterfModel=2 98 | 0.959653 | 0.986662 | 0.957546 | 0.742099 | 0.710228 
InterfModel=2 99 | 0.95932 | 0.982994 | 0.951545 | 0.739432 | 0.729964 

