CastaliaResults -i saida.txt -s Packets loss rate -n --all -o2                                                               

Application:Packets loss rate - total
 | index=1 | index=2 | index=3 | index=4 | index=5
InterfModel=0 | 0.051 | 0.018 | 0.062 | 0.251 | 0.294 
InterfModel=1 | 0.111 | 0.081 | 0.203 | 0.464 | 0.552 
InterfModel=2 | 0.08 | 0.016 | 0.106 | 0.331 | 0.419 
Application:Packets loss rate - all values
 | index=1 | index=2 | index=3 | index=4 | index=5
InterfModel=0 0 | 0.0580193 | 0.018006 | 0.0613469 | 0.241766 | 0.293906 
InterfModel=0 1 | 0.0543514 | 0.0136712 | 0.0629029 | 0.242432 | 0.29884 
InterfModel=0 2 | 0.0476826 | 0.0206736 | 0.0675706 | 0.263867 | 0.295239 
InterfModel=0 3 | 0.045015 | 0.0203401 | 0.0635697 | 0.263902 | 0.281904 
InterfModel=0 4 | 0.0463488 | 0.0176725 | 0.0580129 | 0.283409 | 0.272739 
InterfModel=0 5 | 0.0490164 | 0.0183395 | 0.0637919 | 0.254167 | 0.290211 
InterfModel=0 6 | 0.0476826 | 0.0173391 | 0.0700155 | 0.248833 | 0.288972 
InterfModel=0 7 | 0.0473491 | 0.0156719 | 0.0560125 | 0.255101 | 0.286305 
InterfModel=0 8 | 0.0483494 | 0.0110037 | 0.0622361 | 0.251634 | 0.30044 
InterfModel=0 9 | 0.0493498 | 0.0220073 | 0.0749055 | 0.254167 | 0.269369 
InterfModel=0 10 | 0.0576859 | 0.0196667 | 0.0722383 | 0.2498 | 0.286705 
InterfModel=0 11 | 0.0523508 | 0.0193398 | 0.0606802 | 0.260168 | 0.287772 
InterfModel=0 12 | 0.0493498 | 0.0186729 | 0.0566792 | 0.270303 | 0.279771 
InterfModel=0 13 | 0.0476826 | 0.0186729 | 0.0715715 | 0.241099 | 0.291945 
InterfModel=0 14 | 0.0573524 | 0.0166723 | 0.0649033 | 0.259501 | 0.267902 
InterfModel=0 15 | 0.0513333 | 0.0160053 | 0.0655701 | 0.236965 | 0.313242 
InterfModel=0 16 | 0.0563521 | 0.0233411 | 0.0569015 | 0.256602 | 0.282038 
InterfModel=0 17 | 0.0443481 | 0.0176725 | 0.0637919 | 0.250734 | 0.305507 
InterfModel=0 18 | 0.0533511 | 0.0186729 | 0.0522454 | 0.257368 | 0.30364 
InterfModel=0 19 | 0.043 | 0.0226742 | 0.0577906 | 0.2475 | 0.30004 
InterfModel=0 20 | 0.0483494 | 0.0156719 | 0.0580129 | 0.2482 | 0.299107 
InterfModel=0 21 | 0.0440147 | 0.0156719 | 0.0597778 | 0.248466 | 0.290477 
InterfModel=0 22 | 0.0550184 | 0.0183333 | 0.0640142 | 0.244667 | 0.293812 
InterfModel=0 23 | 0.054018 | 0.0200067 | 0.049122 | 0.243632 | 0.296079 
InterfModel=0 24 | 0.0453485 | 0.0130044 | 0.058902 | 0.255101 | 0.27177 
InterfModel=0 25 | 0.045015 | 0.0143381 | 0.0622361 | 0.259768 | 0.288438 
InterfModel=0 26 | 0.051017 | 0.0183395 | 0.0629029 | 0.239499 | 0.299107 
InterfModel=0 27 | 0.0496832 | 0.0196667 | 0.0566792 | 0.262702 | 0.260835 
InterfModel=0 28 | 0.0483333 | 0.0200067 | 0.069571 | 0.253401 | 0.294039 
InterfModel=0 29 | 0.0533511 | 0.015005 | 0.0557902 | 0.261902 | 0.282704 
InterfModel=0 30 | 0.0566856 | 0.0153384 | 0.0673483 | 0.250667 | 0.295373 
InterfModel=0 31 | 0.0513505 | 0.0146716 | 0.0724605 | 0.258701 | 0.282704 
InterfModel=0 32 | 0.0490164 | 0.0230077 | 0.0609024 | 0.247799 | 0.316842 
InterfModel=0 33 | 0.0496832 | 0.0110037 | 0.0622361 | 0.259235 | 0.304974 
InterfModel=0 34 | 0.0596865 | 0.0146716 | 0.0689042 | 0.239365 | 0.291506 
InterfModel=0 35 | 0.0536845 | 0.0163388 | 0.0664592 | 0.241365 | 0.320576 
InterfModel=0 36 | 0.059 | 0.0176725 | 0.0597911 | 0.257101 | 0.307149 
InterfModel=0 37 | 0.0513505 | 0.0183395 | 0.0640142 | 0.256834 | 0.27137 
InterfModel=0 38 | 0.0536845 | 0.0166723 | 0.0604579 | 0.242 | 0.27857 
InterfModel=0 39 | 0.0506836 | 0.0226742 | 0.0673483 | 0.254701 | 0.294039 
InterfModel=0 40 | 0.0516839 | 0.0170057 | 0.0611247 | 0.2608 | 0.290744 
InterfModel=0 41 | 0.0500167 | 0.0166723 | 0.0629029 | 0.255234 | 0.311016 
InterfModel=0 42 | 0.057019 | 0.0193398 | 0.0633474 | 0.264702 | 0.283104 
InterfModel=0 43 | 0.0466822 | 0.0186667 | 0.0553457 | 0.250133 | 0.306441 
InterfModel=0 44 | 0.0503501 | 0.0176725 | 0.0635555 | 0.253401 | 0.291906 
InterfModel=0 45 | 0.0456819 | 0.0176725 | 0.0606802 | 0.266169 | 0.283904 
InterfModel=0 46 | 0.0483494 | 0.0163388 | 0.0586797 | 0.225363 | 0.320576 
InterfModel=0 47 | 0.051017 | 0.018006 | 0.0593465 | 0.264569 | 0.282171 
InterfModel=0 48 | 0.0473491 | 0.016 | 0.058902 | 0.233929 | 0.298346 
InterfModel=0 49 | 0.0513505 | 0.0166723 | 0.0542343 | 0.254701 | 0.282438 
InterfModel=0 50 | 0.0430143 | 0.0193398 | 0.0626806 | 0.263003 | 0.282209 
InterfModel=0 51 | 0.0436812 | 0.0193398 | 0.0662369 | 0.246999 | 0.276207 
InterfModel=0 52 | 0.0520173 | 0.0156719 | 0.064 | 0.2491 | 0.299773 
InterfModel=0 53 | 0.0496666 | 0.021007 | 0.058902 | 0.2499 | 0.307774 
InterfModel=0 54 | 0.0610203 | 0.0173391 | 0.0631251 | 0.260968 | 0.260701 
InterfModel=0 55 | 0.0463488 | 0.015005 | 0.0500111 | 0.271503 | 0.297506 
InterfModel=0 56 | 0.0573524 | 0.0216739 | 0.0651256 | 0.263635 | 0.288533 
InterfModel=0 57 | 0.0500167 | 0.0160053 | 0.0697933 | 0.240699 | 0.290972 
InterfModel=0 58 | 0.0560187 | 0.0200067 | 0.0628889 | 0.254567 | 0.292572 
InterfModel=0 59 | 0.0556852 | 0.018006 | 0.0640142 | 0.250433 | 0.31155 
InterfModel=0 60 | 0.0496832 | 0.0223408 | 0.0615692 | 0.247366 | 0.283104 
InterfModel=0 61 | 0.0506836 | 0.0196732 | 0.0613469 | 0.250567 | 0.281808 
InterfModel=0 62 | 0.0526842 | 0.015005 | 0.0689042 | 0.263635 | 0.283904 
InterfModel=0 63 | 0.057 | 0.0183395 | 0.066 | 0.250433 | 0.292039 
InterfModel=0 64 | 0.0603535 | 0.0206736 | 0.0633474 | 0.265102 | 0.274437 
InterfModel=0 65 | 0.0440147 | 0.0183395 | 0.069571 | 0.242533 | 0.313242 
InterfModel=0 66 | 0.0470157 | 0.0176725 | 0.0582222 | 0.235631 | 0.312975 
InterfModel=0 67 | 0.0433478 | 0.0170057 | 0.0704601 | 0.255767 | 0.29644 
InterfModel=0 68 | 0.0453485 | 0.0163388 | 0.0560125 | 0.235498 | 0.314217 
InterfModel=0 69 | 0.0536845 | 0.0160053 | 0.0709047 | 0.242566 | 0.293639 
InterfModel=0 70 | 0.0490164 | 0.0196732 | 0.0675706 | 0.240864 | 0.304441 
InterfModel=0 71 | 0.0383461 | 0.0160053 | 0.0575684 | 0.268169 | 0.309108 
InterfModel=0 72 | 0.0550184 | 0.021007 | 0.056457 | 0.264267 | 0.286305 
InterfModel=0 73 | 0.054018 | 0.0213404 | 0.0649033 | 0.257867 | 0.318752 
InterfModel=0 74 | 0.057019 | 0.0223408 | 0.056457 | 0.2483 | 0.307149 
InterfModel=0 75 | 0.0470157 | 0.0183333 | 0.0582352 | 0.2491 | 0.302307 
InterfModel=0 76 | 0.0523508 | 0.0173391 | 0.0535675 | 0.241499 | 0.306307 
InterfModel=0 77 | 0.0593531 | 0.014 | 0.0549011 | 0.221496 | 0.303467 
InterfModel=0 78 | 0.0580193 | 0.0170057 | 0.0555556 | 0.260035 | 0.3064 
InterfModel=0 79 | 0.051017 | 0.0156719 | 0.0595688 | 0.259635 | 0.296573 
InterfModel=0 80 | 0.0426809 | 0.0143381 | 0.0633474 | 0.241365 | 0.303507 
InterfModel=0 81 | 0.0483494 | 0.0176725 | 0.0626806 | 0.237498 | 0.299373 
InterfModel=0 82 | 0.0423333 | 0.0206736 | 0.0649033 | 0.248066 | 0.288572 
InterfModel=0 83 | 0.0550184 | 0.0196732 | 0.058902 | 0.254201 | 0.294173 
InterfModel=0 84 | 0.0533333 | 0.015005 | 0.0611247 | 0.241899 | 0.294973 
InterfModel=0 85 | 0.0476826 | 0.019 | 0.0697933 | 0.254301 | 0.28661 
InterfModel=0 86 | 0.0453485 | 0.0170057 | 0.0577906 | 0.256 | 0.286838 
InterfModel=0 87 | 0.0506836 | 0.019 | 0.0626806 | 0.230461 | 0.304574 
InterfModel=0 88 | 0.0440147 | 0.0183395 | 0.0644588 | 0.260701 | 0.290744 
InterfModel=0 89 | 0.0516839 | 0.0153384 | 0.0577778 | 0.237467 | 0.295333 
InterfModel=0 90 | 0.054018 | 0.0183395 | 0.0609024 | 0.245366 | 0.290572 
InterfModel=0 91 | 0.0536845 | 0.0220073 | 0.0580129 | 0.252201 | 0.296306 
InterfModel=0 92 | 0.048016 | 0.0143333 | 0.0566792 | 0.248433 | 0.300173 
InterfModel=0 93 | 0.0473491 | 0.0206736 | 0.0571238 | 0.272873 | 0.295773 
InterfModel=0 94 | 0.0516839 | 0.0170057 | 0.0606802 | 0.241499 | 0.287905 
InterfModel=0 95 | 0.0546849 | 0.0183395 | 0.058902 | 0.238832 | 0.29884 
InterfModel=0 96 | 0.0503333 | 0.0160053 | 0.0611247 | 0.248833 | 0.292439 
InterfModel=0 97 | 0.0573524 | 0.0193398 | 0.0569015 | 0.251234 | 0.292039 
InterfModel=0 98 | 0.0526667 | 0.02 | 0.0737942 | 0.234996 | 0.299146 
InterfModel=0 99 | 0.0490164 | 0.0140046 | 0.0684596 | 0.2491 | 0.287943 
InterfModel=1 0 | 0.0980327 | 0.0816939 | 0.171371 | 0.459128 | 0.570152 
InterfModel=1 1 | 0.117372 | 0.0826942 | 0.198266 | 0.459528 | 0.564017 
InterfModel=1 2 | 0.111 | 0.0770257 | 0.208491 | 0.463395 | 0.557008 
InterfModel=1 3 | 0.107369 | 0.0816939 | 0.197599 | 0.460523 | 0.554341 
InterfModel=1 4 | 0.109333 | 0.0766922 | 0.180262 | 0.464329 | 0.565484 
InterfModel=1 5 | 0.112037 | 0.0843614 | 0.224494 | 0.452921 | 0.569943 
InterfModel=1 6 | 0.117372 | 0.0836667 | 0.201156 | 0.466933 | 0.555941 
InterfModel=1 7 | 0.124041 | 0.0803601 | 0.198044 | 0.484465 | 0.535805 
InterfModel=1 8 | 0.104035 | 0.0876959 | 0.190487 | 0.455855 | 0.547806 
InterfModel=1 9 | 0.10937 | 0.0730243 | 0.240498 | 0.458461 | 0.538472 
InterfModel=1 10 | 0.114371 | 0.0766922 | 0.19182 | 0.474927 | 0.549807 
InterfModel=1 11 | 0.113371 | 0.0806935 | 0.202934 | 0.469192 | 0.566075 
InterfModel=1 12 | 0.117039 | 0.0883628 | 0.206268 | 0.464462 | 0.541139 
InterfModel=1 13 | 0.117706 | 0.078026 | 0.212714 | 0.477461 | 0.539539 
InterfModel=1 14 | 0.101034 | 0.075025 | 0.210047 | 0.45166 | 0.566075 
InterfModel=1 15 | 0.100367 | 0.0803601 | 0.246722 | 0.471263 | 0.539672 
InterfModel=1 16 | 0.109036 | 0.0880293 | 0.232052 | 0.461662 | 0.546012 
InterfModel=1 17 | 0.104702 | 0.0776926 | 0.179373 | 0.460728 | 0.561408 
InterfModel=1 18 | 0.117372 | 0.078026 | 0.221605 | 0.468729 | 0.547273 
InterfModel=1 19 | 0.112704 | 0.081027 | 0.21627 | 0.469859 | 0.528141 
InterfModel=1 20 | 0.113038 | 0.0933333 | 0.202934 | 0.467262 | 0.570343 
InterfModel=1 21 | 0.113705 | 0.084028 | 0.189375 | 0.47506 | 0.547673 
InterfModel=1 22 | 0.109703 | 0.0880293 | 0.21 | 0.493266 | 0.544667 
InterfModel=1 23 | 0.11137 | 0.0733578 | 0.179151 | 0.469263 | 0.536205 
InterfModel=1 24 | 0.113705 | 0.0830277 | 0.197822 | 0.469529 | 0.534205 
InterfModel=1 25 | 0.116039 | 0.0836946 | 0.203156 | 0.478864 | 0.556148 
InterfModel=1 26 | 0.102701 | 0.0740247 | 0.167593 | 0.466729 | 0.556474 
InterfModel=1 27 | 0.0983661 | 0.0800267 | 0.179595 | 0.463333 | 0.542 
InterfModel=1 28 | 0.110037 | 0.0860287 | 0.227162 | 0.445659 | 0.567751 
InterfModel=1 29 | 0.112704 | 0.0866956 | 0.19671 | 0.461128 | 0.562608 
InterfModel=1 30 | 0.110037 | 0.083 | 0.171594 | 0.467591 | 0.54634 
InterfModel=1 31 | 0.116667 | 0.0703568 | 0.238942 | 0.452727 | 0.539744 
InterfModel=1 32 | 0.108369 | 0.0890297 | 0.181596 | 0.465662 | 0.566133 
InterfModel=1 33 | 0.113705 | 0.0786929 | 0.174706 | 0.478597 | 0.557941 
InterfModel=1 34 | 0.111037 | 0.0753585 | 0.185152 | 0.453394 | 0.556208 
InterfModel=1 35 | 0.117706 | 0.0876959 | 0.241387 | 0.470659 | 0.553274 
InterfModel=1 36 | 0.112371 | 0.0873625 | 0.194932 | 0.47393 | 0.544873 
InterfModel=1 37 | 0.115038 | 0.0786929 | 0.222272 | 0.462995 | 0.548267 
InterfModel=1 38 | 0.115372 | 0.0710237 | 0.208491 | 0.458789 | 0.555807 
InterfModel=1 39 | 0.109036 | 0.0783594 | 0.203823 | 0.464729 | 0.561733 
InterfModel=1 40 | 0.104702 | 0.078026 | 0.19 | 0.465129 | 0.550873 
InterfModel=1 41 | 0.110037 | 0.0760254 | 0.234667 | 0.459528 | 0.551007 
InterfModel=1 42 | 0.113705 | 0.087029 | 0.203156 | 0.443733 | 0.569485 
InterfModel=1 43 | 0.112037 | 0.0860287 | 0.17515 | 0.454994 | 0.566209 
InterfModel=1 44 | 0.117372 | 0.0846949 | 0.199155 | 0.460061 | 0.552074 
InterfModel=1 45 | 0.105368 | 0.0856952 | 0.199155 | 0.450387 | 0.563675 
InterfModel=1 46 | 0.112371 | 0.0830277 | 0.21916 | 0.453127 | 0.541744 
InterfModel=1 47 | 0.108369 | 0.0816939 | 0.203111 | 0.466124 | 0.560475 
InterfModel=1 48 | 0.108036 | 0.0696899 | 0.194265 | 0.454994 | 0.562608 
InterfModel=1 49 | 0.115333 | 0.0823608 | 0.209824 | 0.443392 | 0.567542 
InterfModel=1 50 | 0.104035 | 0.0756667 | 0.222444 | 0.457928 | 0.554607 
InterfModel=1 51 | 0.102701 | 0.0886667 | 0.211825 | 0.45326 | 0.540605 
InterfModel=1 52 | 0.113371 | 0.0790263 | 0.193154 | 0.459661 | 0.554207 
InterfModel=1 53 | 0.107703 | 0.0863621 | 0.175333 | 0.470996 | 0.557541 
InterfModel=1 54 | 0.108703 | 0.081027 | 0.21 | 0.459261 | 0.538667 
InterfModel=1 55 | 0.102701 | 0.0786667 | 0.225383 | 0.465395 | 0.530204 
InterfModel=1 56 | 0.104368 | 0.0773591 | 0.21916 | 0.44966 | 0.552874 
InterfModel=1 57 | 0.11037 | 0.0813605 | 0.208269 | 0.46359 | 0.558474 
InterfModel=1 58 | 0.115372 | 0.0766922 | 0.212936 | 0.460595 | 0.553481 
InterfModel=1 59 | 0.109703 | 0.0843614 | 0.216715 | 0.447453 | 0.561808 
InterfModel=1 60 | 0.12004 | 0.0863621 | 0.212269 | 0.459395 | 0.550207 
InterfModel=1 61 | 0.108369 | 0.0856952 | 0.235333 | 0.451394 | 0.555674 
InterfModel=1 62 | 0.100367 | 0.0783594 | 0.210491 | 0.452267 | 0.570076 
InterfModel=1 63 | 0.111704 | 0.0806935 | 0.191598 | 0.457855 | 0.551614 
InterfModel=1 64 | 0.108703 | 0.0743581 | 0.184263 | 0.473263 | 0.558474 
InterfModel=1 65 | 0.113038 | 0.0833611 | 0.228718 | 0.469396 | 0.538738 
InterfModel=1 66 | 0.104 | 0.0736912 | 0.191154 | 0.482198 | 0.535805 
InterfModel=1 67 | 0.111704 | 0.0803601 | 0.193111 | 0.461795 | 0.548206 
InterfModel=1 68 | 0.110704 | 0.0820273 | 0.221383 | 0.467858 | 0.54954 
InterfModel=1 69 | 0.112704 | 0.0763333 | 0.205379 | 0.463128 | 0.54714 
InterfModel=1 70 | 0.123708 | 0.0793333 | 0.218271 | 0.463724 | 0.558074 
InterfModel=1 71 | 0.113038 | 0.078026 | 0.232274 | 0.462862 | 0.541406 
InterfModel=1 72 | 0.117706 | 0.0800267 | 0.181818 | 0.473796 | 0.55114 
InterfModel=1 73 | 0.121374 | 0.0713571 | 0.184485 | 0.486998 | 0.539611 
InterfModel=1 74 | 0.115038 | 0.0820273 | 0.234274 | 0.466267 | 0.5576 
InterfModel=1 75 | 0.108369 | 0.0820273 | 0.210667 | 0.447393 | 0.552947 
InterfModel=1 76 | 0.111704 | 0.0846949 | 0.196266 | 0.465457 | 0.535405 
InterfModel=1 77 | 0.100033 | 0.078 | 0.185374 | 0.464995 | 0.565009 
InterfModel=1 78 | 0.113705 | 0.0733578 | 0.219827 | 0.474463 | 0.552207 
InterfModel=1 79 | 0.113038 | 0.0850284 | 0.212047 | 0.45286 | 0.561275 
InterfModel=1 80 | 0.108036 | 0.0856952 | 0.21454 | 0.457661 | 0.547673 
InterfModel=1 81 | 0.105035 | 0.0773333 | 0.218048 | 0.460923 | 0.541672 
InterfModel=1 82 | 0.106369 | 0.0736912 | 0.21138 | 0.462933 | 0.559483 
InterfModel=1 83 | 0.120707 | 0.0826942 | 0.198444 | 0.464462 | 0.551007 
InterfModel=1 84 | 0.0973658 | 0.072024 | 0.188264 | 0.453854 | 0.550473 
InterfModel=1 85 | 0.100333 | 0.0793598 | 0.178484 | 0.476464 | 0.54954 
InterfModel=1 86 | 0.115372 | 0.0860287 | 0.168482 | 0.47793 | 0.561275 
InterfModel=1 87 | 0.113038 | 0.0913638 | 0.192308 | 0.460523 | 0.561808 
InterfModel=1 88 | 0.103701 | 0.0846949 | 0.170038 | 0.475797 | 0.553407 
InterfModel=1 89 | 0.107369 | 0.0866956 | 0.18782 | 0.462 | 0.55148 
InterfModel=1 90 | 0.099033 | 0.0823608 | 0.169371 | 0.461395 | 0.553348 
InterfModel=1 91 | 0.117706 | 0.0890297 | 0.220049 | 0.467129 | 0.540872 
InterfModel=1 92 | 0.125375 | 0.0763588 | 0.21138 | 0.467929 | 0.563942 
InterfModel=1 93 | 0.0980327 | 0.0833333 | 0.18204 | 0.471459 | 0.54834 
InterfModel=1 94 | 0.117706 | 0.0773591 | 0.219827 | 0.472463 | 0.551273 
InterfModel=1 95 | 0.111037 | 0.0830277 | 0.206 | 0.48853 | 0.530737 
InterfModel=1 96 | 0.106667 | 0.0783594 | 0.185374 | 0.463057 | 0.553674 
InterfModel=1 97 | 0.102034 | 0.0843614 | 0.202267 | 0.457989 | 0.52647 
InterfModel=1 98 | 0.120373 | 0.0833611 | 0.217111 | 0.472526 | 0.543939 
InterfModel=1 99 | 0.119373 | 0.0853618 | 0.222049 | 0.47153 | 0.537938 
InterfModel=2 0 | 0.0713571 | 0.0170057 | 0.120027 | 0.327644 | 0.419979 
InterfModel=2 1 | 0.0790263 | 0.0170057 | 0.107357 | 0.326577 | 0.420779 
InterfModel=2 2 | 0.0753585 | 0.0143381 | 0.0988889 | 0.334711 | 0.419123 
InterfModel=2 3 | 0.0920307 | 0.0130044 | 0.107357 | 0.3288 | 0.406187 
InterfModel=2 4 | 0.0753585 | 0.0130044 | 0.12914 | 0.321643 | 0.427524 
InterfModel=2 5 | 0.0796933 | 0.0173391 | 0.0995777 | 0.322086 | 0.419389 
InterfModel=2 6 | 0.078026 | 0.021007 | 0.100245 | 0.336445 | 0.416189 
InterfModel=2 7 | 0.0716906 | 0.0163333 | 0.115333 | 0.346626 | 0.404854 
InterfModel=2 8 | 0.0860287 | 0.0190063 | 0.0989109 | 0.341245 | 0.420456 
InterfModel=2 9 | 0.09 | 0.0163388 | 0.133141 | 0.346846 | 0.402454 
InterfModel=2 10 | 0.0786929 | 0.0140046 | 0.0951322 | 0.344579 | 0.419256 
InterfModel=2 11 | 0.0803601 | 0.0170057 | 0.107802 | 0.334845 | 0.436325 
InterfModel=2 12 | 0.0796933 | 0.0153384 | 0.0995777 | 0.32831 | 0.411388 
InterfModel=2 13 | 0.0813605 | 0.0136712 | 0.106913 | 0.329911 | 0.436458 
InterfModel=2 14 | 0.0873625 | 0.0166723 | 0.108913 | 0.345513 | 0.418456 
InterfModel=2 15 | 0.087029 | 0.0163388 | 0.103134 | 0.33929 | 0.416322 
InterfModel=2 16 | 0.0816939 | 0.0166723 | 0.108469 | 0.311908 | 0.437125 
InterfModel=2 17 | 0.0800267 | 0.0156719 | 0.104667 | 0.316976 | 0.427257 
InterfModel=2 18 | 0.0803601 | 0.0196732 | 0.103801 | 0.353914 | 0.410855 
InterfModel=2 19 | 0.075025 | 0.0196732 | 0.0820182 | 0.339912 | 0.419789 
InterfModel=2 20 | 0.0726909 | 0.0170057 | 0.116693 | 0.331644 | 0.418112 
InterfModel=2 21 | 0.0853618 | 0.0183395 | 0.11158 | 0.334933 | 0.427124 
InterfModel=2 22 | 0.085 | 0.0190063 | 0.108469 | 0.308749 | 0.421446 
InterfModel=2 23 | 0.0753585 | 0.0173391 | 0.110691 | 0.344846 | 0.411388 
InterfModel=2 24 | 0.0873625 | 0.0190063 | 0.0971327 | 0.329021 | 0.410376 
InterfModel=2 25 | 0.0793598 | 0.0113371 | 0.116915 | 0.333156 | 0.416644 
InterfModel=2 26 | 0.09003 | 0.0163388 | 0.114914 | 0.323286 | 0.415789 
InterfModel=2 27 | 0.0823608 | 0.0166723 | 0.100022 | 0.328933 | 0.416856 
InterfModel=2 28 | 0.0676892 | 0.0146667 | 0.107135 | 0.330577 | 0.41171 
InterfModel=2 29 | 0.0766922 | 0.0126709 | 0.117804 | 0.326444 | 0.414189 
InterfModel=2 30 | 0.0733578 | 0.0146716 | 0.108691 | 0.323643 | 0.413388 
InterfModel=2 31 | 0.0700234 | 0.015005 | 0.104667 | 0.332578 | 0.436191 
InterfModel=2 32 | 0.078026 | 0.0176666 | 0.120667 | 0.327377 | 0.426857 
InterfModel=2 33 | 0.084028 | 0.0140046 | 0.0909091 | 0.333111 | 0.419656 
InterfModel=2 34 | 0.0773591 | 0.0163388 | 0.108691 | 0.320443 | 0.42179 
InterfModel=2 35 | 0.0733578 | 0.0170057 | 0.1018 | 0.319776 | 0.430724 
InterfModel=2 36 | 0.0730243 | 0.0166723 | 0.0977995 | 0.326043 | 0.43745 
InterfModel=2 37 | 0.0703568 | 0.0140046 | 0.115804 | 0.336978 | 0.423713 
InterfModel=2 38 | 0.0736912 | 0.0206667 | 0.0793509 | 0.333111 | 0.429657 
InterfModel=2 39 | 0.0783594 | 0.0146716 | 0.104 | 0.321243 | 0.4128 
InterfModel=2 40 | 0.0706902 | 0.0133378 | 0.119804 | 0.326177 | 0.412055 
InterfModel=2 41 | 0.0813605 | 0.0133378 | 0.0937986 | 0.329021 | 0.425923 
InterfModel=2 42 | 0.0830277 | 0.015 | 0.104245 | 0.332178 | 0.437792 
InterfModel=2 43 | 0.081027 | 0.0153384 | 0.107802 | 0.333778 | 0.433658 
InterfModel=2 44 | 0.087029 | 0.0166723 | 0.109135 | 0.334711 | 0.430057 
InterfModel=2 45 | 0.0763588 | 0.0156719 | 0.111358 | 0.327021 | 0.435316 
InterfModel=2 46 | 0.0790263 | 0.0130044 | 0.101578 | 0.322443 | 0.414911 
InterfModel=2 47 | 0.0783594 | 0.0166723 | 0.0962436 | 0.32551 | 0.4168 
InterfModel=2 48 | 0.0826942 | 0.015005 | 0.115804 | 0.332578 | 0.407709 
InterfModel=2 49 | 0.089 | 0.0196732 | 0.11936 | 0.326977 | 0.42819 
InterfModel=2 50 | 0.0823608 | 0.0146667 | 0.11647 | 0.331644 | 0.436783 
InterfModel=2 51 | 0.072024 | 0.0146716 | 0.106468 | 0.335378 | 0.414455 
InterfModel=2 52 | 0.0856667 | 0.0156719 | 0.105579 | 0.323243 | 0.420989 
InterfModel=2 53 | 0.0766922 | 0.0166723 | 0.124694 | 0.333111 | 0.406588 
InterfModel=2 54 | 0.0793598 | 0.0123374 | 0.108691 | 0.335245 | 0.42259 
InterfModel=2 55 | 0.0866956 | 0.0146716 | 0.105134 | 0.339512 | 0.408454 
InterfModel=2 56 | 0.0826942 | 0.0166723 | 0.107357 | 0.319952 | 0.407654 
InterfModel=2 57 | 0.0893631 | 0.0143333 | 0.108 | 0.334178 | 0.429448 
InterfModel=2 58 | 0.0723575 | 0.018006 | 0.100911 | 0.322043 | 0.413844 
InterfModel=2 59 | 0.0800267 | 0.0206667 | 0.109358 | 0.325243 | 0.416778 
InterfModel=2 60 | 0.0786929 | 0.0163388 | 0.0957991 | 0.331733 | 0.406321 
InterfModel=2 61 | 0.0850284 | 0.0136712 | 0.116667 | 0.316976 | 0.431391 
InterfModel=2 62 | 0.0843614 | 0.0163388 | 0.0944654 | 0.329644 | 0.417067 
InterfModel=2 63 | 0.084 | 0.0176666 | 0.0917982 | 0.336045 | 0.420856 
InterfModel=2 64 | 0.0906969 | 0.0186729 | 0.100911 | 0.335378 | 0.427981 
InterfModel=2 65 | 0.084 | 0.0143381 | 0.122249 | 0.314709 | 0.423523 
InterfModel=2 66 | 0.078026 | 0.0166723 | 0.0951322 | 0.346933 | 0.417845 
InterfModel=2 67 | 0.083 | 0.0143381 | 0.113136 | 0.319776 | 0.425523 
InterfModel=2 68 | 0.0823608 | 0.00900298 | 0.0926872 | 0.32631 | 0.414055 
InterfModel=2 69 | 0.0883628 | 0.0163388 | 0.131807 | 0.297906 | 0.42539 
InterfModel=2 70 | 0.0773591 | 0.015005 | 0.120249 | 0.335778 | 0.410721 
InterfModel=2 71 | 0.0760254 | 0.015005 | 0.112025 | 0.344533 | 0.414189 
InterfModel=2 72 | 0.0790263 | 0.017 | 0.116667 | 0.328977 | 0.413788 
InterfModel=2 73 | 0.0726909 | 0.0176725 | 0.0940209 | 0.35218 | 0.415389 
InterfModel=2 74 | 0.0766922 | 0.0163388 | 0.0849078 | 0.335778 | 0.430324 
InterfModel=2 75 | 0.0830277 | 0.0140046 | 0.110247 | 0.336845 | 0.414722 
InterfModel=2 76 | 0.0830277 | 0.0153384 | 0.116026 | 0.337423 | 0.420723 
InterfModel=2 77 | 0.0836946 | 0.0163388 | 0.111136 | 0.337378 | 0.39672 
InterfModel=2 78 | 0.0683561 | 0.0170057 | 0.11647 | 0.336978 | 0.409255 
InterfModel=2 79 | 0.0743581 | 0.0130044 | 0.0975772 | 0.340445 | 0.437067 
InterfModel=2 80 | 0.0716906 | 0.0153384 | 0.11936 | 0.334267 | 0.417978 
InterfModel=2 81 | 0.0786929 | 0.0163388 | 0.0977995 | 0.346092 | 0.408454 
InterfModel=2 82 | 0.0940313 | 0.0130044 | 0.107135 | 0.343779 | 0.398186 
InterfModel=2 83 | 0.081027 | 0.0153384 | 0.0935764 | 0.335511 | 0.415522 
InterfModel=2 84 | 0.0993664 | 0.0146716 | 0.0946667 | 0.310083 | 0.433524 
InterfModel=2 85 | 0.0836946 | 0.0173391 | 0.0957991 | 0.301414 | 0.434325 
InterfModel=2 86 | 0.0783594 | 0.0116705 | 0.115581 | 0.342758 | 0.401787 
InterfModel=2 87 | 0.0806935 | 0.0176725 | 0.111358 | 0.32551 | 0.404241 
InterfModel=2 88 | 0.0740247 | 0.0140046 | 0.092465 | 0.330844 | 0.433716 
InterfModel=2 89 | 0.0803601 | 0.0173391 | 0.134474 | 0.349867 | 0.402641 
InterfModel=2 90 | 0.084028 | 0.0156719 | 0.0935764 | 0.315109 | 0.42339 
InterfModel=2 91 | 0.0866666 | 0.0163333 | 0.0933541 | 0.318976 | 0.42179 
InterfModel=2 92 | 0.0863621 | 0.0153384 | 0.113581 | 0.336845 | 0.409388 
InterfModel=2 93 | 0.0730243 | 0.0176725 | 0.0960214 | 0.345379 | 0.409467 
InterfModel=2 94 | 0.0790263 | 0.0183395 | 0.105134 | 0.313642 | 0.415522 
InterfModel=2 95 | 0.0883628 | 0.0170057 | 0.113581 | 0.329867 | 0.409121 
InterfModel=2 96 | 0.0826942 | 0.0116705 | 0.105801 | 0.309241 | 0.438784 
InterfModel=2 97 | 0.0756919 | 0.0196732 | 0.0942432 | 0.34 | 0.419389 
InterfModel=2 98 | 0.0793598 | 0.0193398 | 0.109135 | 0.337112 | 0.42659 
InterfModel=2 99 | 0.0846949 | 0.0193398 | 0.0895755 | 0.327777 | 0.420056 

