CastaliaResults -i saida.txt -s Energy nJ/bit -n --all -o2                                                           

Application:Energy nJ/bit
 | node=1 | node=2 | node=3 | node=4 | node=5
InterfModel=0 | 101.244 | 99.671 | 67.514 | 49.707 | 49.264 
InterfModel=1 | 107.511 | 105.74 | 79.741 | 61.045 | 62.488 
InterfModel=2 | 105.867 | 100.805 | 75.273 | 53.755 | 51.788 
Application:Energy nJ/bit - all values
 | node=1 | node=2 | node=3 | node=4 | node=5
InterfModel=0 0 | 100.997 | 99.9144 | 66.6889 | 49.747 | 49.6252 
InterfModel=0 1 | 101.784 | 100.213 | 67.4423 | 49.5277 | 49.7428 
InterfModel=0 2 | 100.436 | 99.8483 | 68.1457 | 49.4634 | 48.1795 
InterfModel=0 3 | 101.954 | 99.7631 | 66.7336 | 49.6252 | 49.3585 
InterfModel=0 4 | 101.887 | 99.3966 | 66.9112 | 50.4326 | 48.4535 
InterfModel=0 5 | 100.743 | 99.5871 | 67.3262 | 48.7613 | 49.3713 
InterfModel=0 6 | 100.552 | 99.4956 | 67.3077 | 49.578 | 49.4343 
InterfModel=0 7 | 99.3374 | 99.5396 | 67.3552 | 50.677 | 48.271 
InterfModel=0 8 | 101.935 | 99.6537 | 66.8184 | 50.8157 | 48.9027 
InterfModel=0 9 | 100.785 | 99.5774 | 67.592 | 49.9158 | 49.0513 
InterfModel=0 10 | 101.017 | 99.4198 | 67.3999 | 49.0535 | 50.5586 
InterfModel=0 11 | 100.831 | 99.8614 | 68.196 | 48.8446 | 50.184 
InterfModel=0 12 | 101.258 | 99.767 | 67.4289 | 49.5406 | 49.6546 
InterfModel=0 13 | 102.837 | 99.4792 | 67.8022 | 50.5379 | 49.4065 
InterfModel=0 14 | 102.251 | 99.5286 | 67.2645 | 49.9397 | 48.2109 
InterfModel=0 15 | 99.8272 | 99.5602 | 66.6948 | 49.4671 | 49.0234 
InterfModel=0 16 | 101.138 | 99.4923 | 67.1293 | 48.2632 | 50.3382 
InterfModel=0 17 | 101.976 | 99.4811 | 68.4066 | 49.7197 | 48.2916 
InterfModel=0 18 | 101.908 | 99.9887 | 68.0048 | 49.0721 | 49.4241 
InterfModel=0 19 | 101.17 | 99.6356 | 68.2351 | 49.4552 | 49.7783 
InterfModel=0 20 | 100.823 | 99.4484 | 67.5483 | 49.9745 | 49.492 
InterfModel=0 21 | 101.464 | 99.5733 | 67.0716 | 49.6258 | 48.9841 
InterfModel=0 22 | 101.03 | 99.544 | 67.448 | 49.9302 | 49.8285 
InterfModel=0 23 | 101.864 | 99.9367 | 67.2718 | 49.0167 | 48.6404 
InterfModel=0 24 | 101.137 | 99.4856 | 67.1689 | 49.7733 | 49.5395 
InterfModel=0 25 | 101.216 | 99.6748 | 68.1799 | 50.0121 | 48.4526 
InterfModel=0 26 | 100.285 | 99.6584 | 67.0735 | 49.4734 | 49.4806 
InterfModel=0 27 | 101.764 | 99.5118 | 67.0742 | 49.8661 | 49.1322 
InterfModel=0 28 | 101.758 | 99.143 | 68.2896 | 50.2905 | 49.0455 
InterfModel=0 29 | 100.937 | 99.3569 | 68.3567 | 49.9019 | 49.0681 
InterfModel=0 30 | 101.413 | 99.8453 | 66.8884 | 48.9098 | 49.3982 
InterfModel=0 31 | 100.947 | 100.088 | 68.08 | 49.309 | 49.6622 
InterfModel=0 32 | 101.924 | 99.9606 | 68.0693 | 49.4039 | 49.7303 
InterfModel=0 33 | 101.254 | 99.6038 | 67.5233 | 50.2291 | 49.6429 
InterfModel=0 34 | 101.512 | 99.8839 | 66.9917 | 49.7016 | 49.765 
InterfModel=0 35 | 101.002 | 99.8055 | 67.9844 | 49.7901 | 48.813 
InterfModel=0 36 | 101.292 | 99.8601 | 66.9629 | 49.574 | 49.6103 
InterfModel=0 37 | 100.815 | 100.041 | 68.3523 | 49.5735 | 49.4229 
InterfModel=0 38 | 100.8 | 99.6789 | 67.4076 | 49.2488 | 49.4509 
InterfModel=0 39 | 100.974 | 99.0314 | 67.7608 | 50.2285 | 49.3718 
InterfModel=0 40 | 101.04 | 99.9366 | 67.8026 | 50.45 | 48.941 
InterfModel=0 41 | 100.963 | 99.8544 | 68.3772 | 49.2591 | 49.9299 
InterfModel=0 42 | 100.762 | 99.6112 | 66.7137 | 50.6685 | 48.0458 
InterfModel=0 43 | 101.54 | 99.711 | 67.9266 | 49.641 | 50.37 
InterfModel=0 44 | 101.965 | 99.605 | 67.1623 | 49.3769 | 49.7553 
InterfModel=0 45 | 100.728 | 99.3638 | 67.563 | 49.9931 | 48.9774 
InterfModel=0 46 | 101.144 | 99.5349 | 66.8144 | 50.0432 | 48.8507 
InterfModel=0 47 | 101.089 | 99.769 | 67.5006 | 51.0749 | 47.8568 
InterfModel=0 48 | 100.749 | 99.4356 | 68.0588 | 50.2457 | 49.2808 
InterfModel=0 49 | 101.341 | 99.8547 | 67.0988 | 49.2926 | 49.3347 
InterfModel=0 50 | 101.209 | 99.1307 | 67.8621 | 50.059 | 48.4406 
InterfModel=0 51 | 101.001 | 99.7869 | 68.0935 | 49.989 | 49.3786 
InterfModel=0 52 | 100.911 | 99.8906 | 67.8178 | 49.4103 | 48.9061 
InterfModel=0 53 | 100.861 | 99.6481 | 67.4753 | 49.9943 | 49.5897 
InterfModel=0 54 | 101.248 | 99.3134 | 67.0675 | 50.1558 | 49.2005 
InterfModel=0 55 | 99.2581 | 100.029 | 68.0292 | 49.4263 | 48.8379 
InterfModel=0 56 | 101.799 | 99.8586 | 67.166 | 49.1275 | 49.8426 
InterfModel=0 57 | 101.238 | 100.166 | 66.8322 | 49.3042 | 49.661 
InterfModel=0 58 | 100.675 | 99.4223 | 67.1014 | 49.7091 | 49.6877 
InterfModel=0 59 | 100.478 | 99.8566 | 67.0032 | 49.3091 | 49.8802 
InterfModel=0 60 | 102.102 | 99.2041 | 67.4531 | 50.3327 | 47.5856 
InterfModel=0 61 | 99.929 | 99.4186 | 67.6993 | 50.6954 | 48.2915 
InterfModel=0 62 | 101.206 | 99.5814 | 67.0327 | 48.8031 | 50.0003 
InterfModel=0 63 | 100.306 | 99.4276 | 67.2275 | 48.6523 | 49.6633 
InterfModel=0 64 | 101.466 | 99.8911 | 67.5574 | 50.7309 | 48.4631 
InterfModel=0 65 | 102.765 | 99.4301 | 67.5967 | 49.6765 | 49.0322 
InterfModel=0 66 | 101.169 | 99.9469 | 67.9454 | 49.4104 | 49.5931 
InterfModel=0 67 | 101.575 | 99.8511 | 68.2612 | 50.0254 | 49.1276 
InterfModel=0 68 | 100.576 | 99.8366 | 67.4516 | 49.6171 | 49.5314 
InterfModel=0 69 | 102.307 | 99.7208 | 67.5985 | 48.8995 | 50.2824 
InterfModel=0 70 | 102.536 | 99.8428 | 66.8447 | 49.3548 | 49.8796 
InterfModel=0 71 | 101.53 | 99.7835 | 67.9202 | 49.3158 | 50.1615 
InterfModel=0 72 | 101.705 | 99.4983 | 68.2354 | 49.8079 | 49.4389 
InterfModel=0 73 | 102.229 | 99.4361 | 67.9475 | 49.2706 | 49.7351 
InterfModel=0 74 | 100.813 | 99.6381 | 67.8235 | 48.8167 | 49.9295 
InterfModel=0 75 | 102.276 | 100.05 | 67.4796 | 49.1274 | 49.0047 
InterfModel=0 76 | 101.093 | 100.055 | 67.7411 | 49.9934 | 49.0649 
InterfModel=0 77 | 101.196 | 99.7401 | 67.0982 | 49.5197 | 49.3411 
InterfModel=0 78 | 101.43 | 99.8442 | 67.1187 | 49.4521 | 49.4788 
InterfModel=0 79 | 101.26 | 99.427 | 67.5281 | 50.2645 | 49.8194 
InterfModel=0 80 | 100.826 | 99.379 | 67.4045 | 50.0862 | 49.3166 
InterfModel=0 81 | 100.951 | 99.8556 | 67.3051 | 49.4215 | 49.4404 
InterfModel=0 82 | 101.438 | 99.6296 | 67.3897 | 48.8838 | 48.9693 
InterfModel=0 83 | 101.392 | 99.6106 | 67.2897 | 49.9398 | 47.7967 
InterfModel=0 84 | 102.154 | 99.2119 | 68.4569 | 50.3129 | 48.7279 
InterfModel=0 85 | 101.722 | 99.3093 | 66.9607 | 49.7025 | 50.4912 
InterfModel=0 86 | 101.496 | 100.088 | 67.5682 | 50.516 | 48.786 
InterfModel=0 87 | 101.425 | 99.5455 | 66.8263 | 50.1906 | 50.0287 
InterfModel=0 88 | 101.946 | 99.7567 | 67.2936 | 49.7333 | 49.6898 
InterfModel=0 89 | 101.039 | 99.8956 | 68.3146 | 49.838 | 48.1529 
InterfModel=0 90 | 101.511 | 99.6325 | 67.8506 | 49.7941 | 49.1469 
InterfModel=0 91 | 101.562 | 99.3129 | 66.6575 | 48.448 | 50.234 
InterfModel=0 92 | 101.343 | 99.5428 | 67.4941 | 49.9872 | 49.8169 
InterfModel=0 93 | 100.64 | 99.6796 | 68.1285 | 49.754 | 49.7747 
InterfModel=0 94 | 101.798 | 99.7625 | 67.9513 | 51.5329 | 47.18 
InterfModel=0 95 | 101.138 | 99.8426 | 67.852 | 49.5408 | 48.8583 
InterfModel=0 96 | 100.848 | 99.7131 | 67.0337 | 50.9014 | 48.4105 
InterfModel=0 97 | 100.773 | 99.965 | 67.1937 | 49.5038 | 48.9845 
InterfModel=0 98 | 100.954 | 99.5794 | 67.3402 | 48.9536 | 49.3075 
InterfModel=0 99 | 101.11 | 100.01 | 67.6637 | 49.0918 | 49.3217 
InterfModel=1 0 | 107.668 | 104.6 | 78.8559 | 61.4742 | 61.8404 
InterfModel=1 1 | 108.735 | 105.467 | 78.3731 | 60.9098 | 62.5702 
InterfModel=1 2 | 108.54 | 104.969 | 82.809 | 61.9291 | 61.5721 
InterfModel=1 3 | 106.701 | 106.141 | 79.4219 | 59.9052 | 63.0604 
InterfModel=1 4 | 107.082 | 106.264 | 79.0426 | 60.4202 | 63.1435 
InterfModel=1 5 | 107.843 | 105.611 | 81.4542 | 60.6234 | 62.4412 
InterfModel=1 6 | 107.248 | 106.053 | 81.8859 | 59.647 | 63.1064 
InterfModel=1 7 | 106.963 | 105.175 | 77.0147 | 60.9197 | 63.6717 
InterfModel=1 8 | 108.657 | 105.069 | 80.3431 | 60.0054 | 61.6147 
InterfModel=1 9 | 109.478 | 105.968 | 77.7528 | 61.4715 | 61.9923 
InterfModel=1 10 | 107.064 | 106.523 | 79.7739 | 62.4099 | 62.442 
InterfModel=1 11 | 107.424 | 106.224 | 78.2357 | 60.8003 | 64.2113 
InterfModel=1 12 | 108.191 | 106.3 | 79.3456 | 60.7688 | 62.1722 
InterfModel=1 13 | 106.719 | 105.784 | 78.6728 | 60.9971 | 62.8224 
InterfModel=1 14 | 106.456 | 105.293 | 78.9782 | 62.1164 | 62.0696 
InterfModel=1 15 | 108.469 | 106.117 | 78.7989 | 61.5624 | 64.5202 
InterfModel=1 16 | 107.879 | 105.553 | 81.2086 | 60.6385 | 62.8302 
InterfModel=1 17 | 107.799 | 105.619 | 80.9114 | 60.9144 | 63.0598 
InterfModel=1 18 | 107.614 | 105.452 | 80.6382 | 60.963 | 61.6497 
InterfModel=1 19 | 108.909 | 105.719 | 80.8764 | 61.0147 | 62.2045 
InterfModel=1 20 | 108.692 | 105.75 | 83.1219 | 61.1471 | 61.6305 
InterfModel=1 21 | 107.322 | 105.355 | 82.5352 | 62.0445 | 61.4613 
InterfModel=1 22 | 107.838 | 106.457 | 78.9481 | 62.0151 | 62.3246 
InterfModel=1 23 | 107.571 | 106.383 | 77.0628 | 61.2996 | 63.5146 
InterfModel=1 24 | 108.723 | 105.589 | 79.2867 | 60.8551 | 61.2198 
InterfModel=1 25 | 107.303 | 105.995 | 78.0424 | 61.7101 | 61.2008 
InterfModel=1 26 | 107.472 | 105.449 | 78.0843 | 60.9124 | 63.8515 
InterfModel=1 27 | 107.81 | 105.921 | 78.9406 | 61.6695 | 61.9911 
InterfModel=1 28 | 106.809 | 105.844 | 78.8258 | 61.0295 | 61.8352 
InterfModel=1 29 | 107.513 | 106.322 | 78.4064 | 59.7543 | 62.2479 
InterfModel=1 30 | 107.289 | 106.905 | 78.9583 | 61.5428 | 63.3278 
InterfModel=1 31 | 107.396 | 106.696 | 79.0721 | 61.9339 | 63.5314 
InterfModel=1 32 | 108.66 | 104.56 | 81.7912 | 59.8722 | 62.3909 
InterfModel=1 33 | 107.524 | 104.969 | 77.3312 | 59.767 | 63.4254 
InterfModel=1 34 | 106.703 | 105.807 | 80.5112 | 61.3556 | 60.6769 
InterfModel=1 35 | 106.753 | 104.652 | 77.7097 | 61.3138 | 61.5717 
InterfModel=1 36 | 106.988 | 104.392 | 79.3236 | 61.525 | 61.791 
InterfModel=1 37 | 108.53 | 106.092 | 79.7534 | 62.0494 | 62.9364 
InterfModel=1 38 | 107.297 | 107.015 | 83.0505 | 59.9184 | 62.7987 
InterfModel=1 39 | 107.802 | 105.825 | 80.5207 | 61.4416 | 62.3279 
InterfModel=1 40 | 106.941 | 105.792 | 78.7446 | 60.5708 | 63.2881 
InterfModel=1 41 | 108.519 | 106.142 | 79.8552 | 61.8547 | 63.0256 
InterfModel=1 42 | 104.457 | 105.29 | 79.8122 | 60.0047 | 61.7846 
InterfModel=1 43 | 108.753 | 105.361 | 77.5501 | 61.6453 | 62.9757 
InterfModel=1 44 | 105.551 | 105.682 | 77.9897 | 61.6354 | 62.4451 
InterfModel=1 45 | 107.313 | 105.513 | 80.7571 | 61.0847 | 61.6939 
InterfModel=1 46 | 108.306 | 106.063 | 78.346 | 61.1542 | 63.868 
InterfModel=1 47 | 108.011 | 105.637 | 78.4168 | 63.0905 | 62.4403 
InterfModel=1 48 | 106.891 | 106.638 | 80.0924 | 60.4758 | 61.9227 
InterfModel=1 49 | 106.151 | 105.809 | 80.7146 | 60.2051 | 62.6059 
InterfModel=1 50 | 106.636 | 105.406 | 78.3913 | 62.0755 | 60.8861 
InterfModel=1 51 | 107.565 | 104.887 | 78.861 | 61.8617 | 62.2068 
InterfModel=1 52 | 108.765 | 105.798 | 82.5991 | 61.4449 | 61.9343 
InterfModel=1 53 | 107.818 | 105.289 | 78.3738 | 60.7975 | 63.3537 
InterfModel=1 54 | 108.031 | 104.908 | 77.2578 | 61.5969 | 62.4851 
InterfModel=1 55 | 106.324 | 104.904 | 82.3444 | 60.2091 | 61.9349 
InterfModel=1 56 | 107.788 | 106.136 | 79.0115 | 60.2549 | 63.4669 
InterfModel=1 57 | 106.371 | 105.04 | 81.8006 | 61.8479 | 60.8098 
InterfModel=1 58 | 108.605 | 105.165 | 79.9491 | 60.8593 | 62.863 
InterfModel=1 59 | 108.084 | 106.287 | 82.2074 | 61.1047 | 61.761 
InterfModel=1 60 | 108.629 | 105.758 | 79.1349 | 59.7584 | 63.9426 
InterfModel=1 61 | 108.375 | 106.255 | 81.6906 | 62.5505 | 60.9064 
InterfModel=1 62 | 108.603 | 107.244 | 79.4573 | 62.291 | 62.3932 
InterfModel=1 63 | 107.855 | 105.109 | 78.7216 | 61.5068 | 63.6105 
InterfModel=1 64 | 108.367 | 106.415 | 78.553 | 61.464 | 62.4813 
InterfModel=1 65 | 107.286 | 105.286 | 79.6637 | 62.1446 | 62.1527 
InterfModel=1 66 | 106.782 | 106.197 | 81.3297 | 59.7593 | 62.6498 
InterfModel=1 67 | 107.728 | 104.926 | 76.0874 | 60.084 | 62.0867 
InterfModel=1 68 | 107.829 | 105.955 | 79.8136 | 61.2095 | 62.1216 
InterfModel=1 69 | 108.618 | 105.722 | 77.6604 | 61.4604 | 62.0019 
InterfModel=1 70 | 107.315 | 104.81 | 81.1242 | 61.3521 | 61.4131 
InterfModel=1 71 | 107.717 | 105.245 | 82.5811 | 60.1007 | 62.6841 
InterfModel=1 72 | 107.737 | 105.876 | 81.3548 | 61.5454 | 63.3125 
InterfModel=1 73 | 108.058 | 105.773 | 80.3517 | 59.7271 | 63.052 
InterfModel=1 74 | 107.85 | 106.509 | 83.2329 | 61.0562 | 60.7071 
InterfModel=1 75 | 106.483 | 107.466 | 80.5661 | 60.8297 | 60.6226 
InterfModel=1 76 | 108.626 | 105.735 | 78.511 | 63.1838 | 61.3808 
InterfModel=1 77 | 106.681 | 106.134 | 81.8519 | 60.9407 | 61.9042 
InterfModel=1 78 | 107.482 | 105.455 | 79.1656 | 60.7267 | 62.893 
InterfModel=1 79 | 107.553 | 105.225 | 79.8869 | 59.6788 | 63.6255 
InterfModel=1 80 | 106.983 | 104.586 | 77.9226 | 60.7293 | 63.2341 
InterfModel=1 81 | 106.737 | 105.949 | 79.9431 | 61.0468 | 61.6489 
InterfModel=1 82 | 108.086 | 107.191 | 80.8108 | 62.5878 | 62.5482 
InterfModel=1 83 | 108.292 | 105.575 | 80.4552 | 60.91 | 64.2925 
InterfModel=1 84 | 106.142 | 104.944 | 77.1214 | 61.0997 | 61.7035 
InterfModel=1 85 | 105.816 | 105.569 | 81.5232 | 60.0482 | 63.052 
InterfModel=1 86 | 107.447 | 106.434 | 81.2899 | 60.3458 | 63.33 
InterfModel=1 87 | 107.158 | 105.346 | 81.3922 | 58.8614 | 62.3939 
InterfModel=1 88 | 107.343 | 106.531 | 81.1276 | 59.9251 | 63.1095 
InterfModel=1 89 | 106.787 | 104.649 | 79.2428 | 59.8013 | 63.0961 
InterfModel=1 90 | 106.883 | 106.082 | 79.6233 | 61.6078 | 62.0847 
InterfModel=1 91 | 106.667 | 104.877 | 80.8375 | 59.0852 | 63.8858 
InterfModel=1 92 | 106.599 | 105.992 | 77.429 | 61.6571 | 62.8401 
InterfModel=1 93 | 106.428 | 104.885 | 78.4641 | 60.3498 | 63.1742 
InterfModel=1 94 | 106.328 | 105.749 | 81.5527 | 60.1243 | 62.6824 
InterfModel=1 95 | 106.8 | 105.659 | 76.9473 | 60.7499 | 63.6355 
InterfModel=1 96 | 107.657 | 106.072 | 79.7604 | 62.578 | 62.0722 
InterfModel=1 97 | 106.396 | 106.656 | 80.8345 | 61.0042 | 61.1119 
InterfModel=1 98 | 107.611 | 106.196 | 79.7549 | 62.409 | 62.4223 
InterfModel=1 99 | 109.007 | 106.302 | 78.6041 | 61.7732 | 63.7865 
InterfModel=2 0 | 106.234 | 100.918 | 75.755 | 54.8244 | 50.6085 
InterfModel=2 1 | 105.544 | 100.64 | 76.7023 | 52.502 | 52.0387 
InterfModel=2 2 | 105.836 | 100.124 | 74.14 | 53.9196 | 51.484 
InterfModel=2 3 | 106.237 | 100.644 | 73.4619 | 53.2316 | 51.8201 
InterfModel=2 4 | 105.695 | 100.95 | 77.7205 | 54.2944 | 51.722 
InterfModel=2 5 | 104.423 | 100.885 | 73.8967 | 53.9581 | 51.9449 
InterfModel=2 6 | 107.264 | 100.946 | 75.1463 | 53.8529 | 52.3756 
InterfModel=2 7 | 104.955 | 100.924 | 74.3099 | 54.0631 | 52.2053 
InterfModel=2 8 | 105.916 | 100.828 | 76.2814 | 54.0056 | 51.6496 
InterfModel=2 9 | 104.263 | 100.875 | 75.7327 | 54.9049 | 51.2235 
InterfModel=2 10 | 105.631 | 100.532 | 75.2089 | 54.001 | 51.5686 
InterfModel=2 11 | 104.816 | 100.997 | 73.9926 | 55.5145 | 51.3664 
InterfModel=2 12 | 105.197 | 100.484 | 74.0115 | 53.6033 | 53.2055 
InterfModel=2 13 | 107.792 | 101.453 | 78.3813 | 53.3453 | 50.5844 
InterfModel=2 14 | 106.011 | 100.912 | 74.3377 | 54.1863 | 51.3569 
InterfModel=2 15 | 105.64 | 100.601 | 77.4614 | 53.1897 | 51.8416 
InterfModel=2 16 | 105.63 | 100.722 | 76.558 | 53.8 | 51.0173 
InterfModel=2 17 | 105.415 | 101.094 | 73.9704 | 53.1537 | 52.6626 
InterfModel=2 18 | 106.455 | 101.556 | 75.3657 | 54.6024 | 51.0766 
InterfModel=2 19 | 106.442 | 100.566 | 75.7636 | 52.7809 | 51.774 
InterfModel=2 20 | 106.273 | 101.323 | 75.2919 | 53.371 | 52.2638 
InterfModel=2 21 | 106.63 | 100.973 | 75.4564 | 53.5077 | 52.1253 
InterfModel=2 22 | 106.686 | 100.599 | 73.3234 | 53.3247 | 53.0957 
InterfModel=2 23 | 105.589 | 101.507 | 76.0181 | 53.9316 | 51.6727 
InterfModel=2 24 | 106.206 | 100.607 | 75.078 | 55.591 | 50.9476 
InterfModel=2 25 | 106.636 | 100.918 | 72.5944 | 53.2217 | 53.5017 
InterfModel=2 26 | 106.495 | 100.677 | 72.003 | 54.1739 | 52.1752 
InterfModel=2 27 | 105.955 | 100.196 | 75.724 | 53.1522 | 51.8017 
InterfModel=2 28 | 105.954 | 101.305 | 74.1327 | 53.308 | 52.2695 
InterfModel=2 29 | 105.769 | 100.464 | 76.1797 | 54.741 | 49.9399 
InterfModel=2 30 | 104.859 | 101.153 | 75.4327 | 53.3105 | 51.6974 
InterfModel=2 31 | 105.264 | 101.035 | 77.3124 | 53.5683 | 52.0865 
InterfModel=2 32 | 105.137 | 100.479 | 76.8266 | 52.5444 | 52.5212 
InterfModel=2 33 | 105.731 | 100.938 | 74.5806 | 52.4977 | 51.7809 
InterfModel=2 34 | 106.388 | 100.674 | 76.7025 | 52.3236 | 53.2919 
InterfModel=2 35 | 105.758 | 100.01 | 78.0497 | 51.9306 | 53.1634 
InterfModel=2 36 | 106.842 | 100.836 | 75.925 | 53.3698 | 51.8343 
InterfModel=2 37 | 105.229 | 100.525 | 74.9263 | 54.1637 | 53.0351 
InterfModel=2 38 | 106.782 | 100.472 | 74.4497 | 54.0415 | 52.4403 
InterfModel=2 39 | 106.346 | 100.883 | 74.2622 | 53.9983 | 52.199 
InterfModel=2 40 | 105.473 | 100.667 | 76.5438 | 53.8853 | 51.7613 
InterfModel=2 41 | 106.131 | 101.246 | 76.4963 | 52.3902 | 52.7698 
InterfModel=2 42 | 105.964 | 100.368 | 74.8899 | 53.9496 | 51.2579 
InterfModel=2 43 | 106.001 | 100.985 | 73.9681 | 54.1722 | 51.6249 
InterfModel=2 44 | 106.075 | 100.717 | 72.0399 | 54.581 | 52.4152 
InterfModel=2 45 | 105.051 | 100.798 | 79.025 | 54.0467 | 50.9985 
InterfModel=2 46 | 106.443 | 100.605 | 80.0461 | 53.9448 | 50.365 
InterfModel=2 47 | 105.652 | 100.684 | 74.6108 | 55.015 | 51.3891 
InterfModel=2 48 | 105.377 | 100.755 | 74.2488 | 53.5502 | 52.1815 
InterfModel=2 49 | 105.708 | 101.121 | 75.9611 | 53.111 | 51.3419 
InterfModel=2 50 | 105.032 | 101.253 | 76.8307 | 53.6232 | 51.0164 
InterfModel=2 51 | 105.498 | 100.532 | 76.5826 | 52.9506 | 52.2209 
InterfModel=2 52 | 106.131 | 100.632 | 72.0733 | 53.575 | 52.5349 
InterfModel=2 53 | 104.836 | 100.613 | 74.277 | 53.4505 | 53.3731 
InterfModel=2 54 | 104.747 | 100.723 | 74.2569 | 52.4912 | 52.5748 
InterfModel=2 55 | 106.432 | 100.907 | 75.3582 | 54.0849 | 51.4817 
InterfModel=2 56 | 106.497 | 100.535 | 72.3729 | 54.5369 | 52.8648 
InterfModel=2 57 | 106.782 | 100.555 | 78.731 | 53.2857 | 50.395 
InterfModel=2 58 | 106.85 | 100.496 | 75.6149 | 52.986 | 52.5651 
InterfModel=2 59 | 106.352 | 100.716 | 75.2266 | 54.5446 | 51.2503 
InterfModel=2 60 | 105.474 | 100.819 | 77.2693 | 52.5647 | 52.1463 
InterfModel=2 61 | 106.938 | 101.046 | 76.7919 | 53.96 | 51.5485 
InterfModel=2 62 | 104.715 | 100.817 | 74.9246 | 53.8071 | 51.3599 
InterfModel=2 63 | 104.427 | 100.579 | 75.8584 | 53.9603 | 50.3319 
InterfModel=2 64 | 105.043 | 101.102 | 72.1892 | 54.457 | 52.902 
InterfModel=2 65 | 107.057 | 99.8555 | 74.6214 | 52.83 | 52.5861 
InterfModel=2 66 | 107.277 | 101.296 | 77.8346 | 53.4319 | 50.5643 
InterfModel=2 67 | 106.413 | 100.703 | 76.2718 | 53.9644 | 50.5568 
InterfModel=2 68 | 106.009 | 100.685 | 73.1089 | 54.5527 | 52.0019 
InterfModel=2 69 | 106.519 | 100.875 | 75.5224 | 51.8435 | 51.7141 
InterfModel=2 70 | 107.651 | 101.187 | 75.5147 | 54.0652 | 51.786 
InterfModel=2 71 | 106.116 | 100.789 | 75.7148 | 53.1546 | 51.6586 
InterfModel=2 72 | 105.113 | 101.073 | 72.5281 | 54.9097 | 51.7835 
InterfModel=2 73 | 106.224 | 101.303 | 76.0248 | 53.549 | 51.0444 
InterfModel=2 74 | 104.63 | 100.517 | 75.6585 | 53.2779 | 52.8814 
InterfModel=2 75 | 104.71 | 100.391 | 73.4814 | 54.3644 | 51.4724 
InterfModel=2 76 | 105.48 | 100.433 | 76.0951 | 54.0882 | 51.4681 
InterfModel=2 77 | 105.512 | 100.569 | 74.0359 | 54.0714 | 52.1093 
InterfModel=2 78 | 106.512 | 100.878 | 76.975 | 53.9887 | 51.6074 
InterfModel=2 79 | 105.79 | 100.994 | 74.7497 | 54.7933 | 51.3079 
InterfModel=2 80 | 106.043 | 100.879 | 74.6033 | 54.966 | 50.8323 
InterfModel=2 81 | 106.429 | 101.095 | 73.6234 | 53.7697 | 51.82 
InterfModel=2 82 | 105.343 | 100.508 | 74.8647 | 52.2044 | 52.6205 
InterfModel=2 83 | 106.527 | 100.553 | 72.0062 | 54.4291 | 51.516 
InterfModel=2 84 | 105.71 | 101.003 | 74.3212 | 54.3623 | 52.3059 
InterfModel=2 85 | 106.746 | 101.189 | 75.3919 | 54.5315 | 50.221 
InterfModel=2 86 | 105.53 | 101.513 | 72.8116 | 54.2758 | 52.1525 
InterfModel=2 87 | 106.421 | 101.342 | 76.7394 | 53.4183 | 51.9612 
InterfModel=2 88 | 106.487 | 100.418 | 75.6775 | 54.5098 | 51.0442 
InterfModel=2 89 | 105.66 | 101.091 | 75.2211 | 53.8712 | 51.4862 
InterfModel=2 90 | 106.391 | 100.915 | 75.6969 | 53.831 | 51.1341 
InterfModel=2 91 | 105.946 | 100.478 | 73.7631 | 53.6639 | 51.4725 
InterfModel=2 92 | 105.653 | 100.678 | 76.0399 | 53.7691 | 51.8726 
InterfModel=2 93 | 104.843 | 100.605 | 73.3032 | 53.8789 | 51.7161 
InterfModel=2 94 | 105.184 | 100.97 | 78.5764 | 54.327 | 50.7824 
InterfModel=2 95 | 104.864 | 100.72 | 72.626 | 54.1581 | 51.8498 
InterfModel=2 96 | 106.092 | 101.09 | 77.6666 | 54.0848 | 50.9715 
InterfModel=2 97 | 104.97 | 100.703 | 76.7801 | 52.0687 | 53.1203 
InterfModel=2 98 | 104.672 | 100.649 | 74.2051 | 55.1608 | 51.6825 
InterfModel=2 99 | 106.613 | 101.016 | 76.6179 | 52.6216 | 51.6442 

