CastaliaResults -i saida.txt -s Consumed Energy -n --all -o2                                                             

ResourceManager:Consumed Energy
 | node=0 | node=1 | node=2 | node=3 | node=4 | node=5
InterfModel=0 | 0.932 | 0.245 | 0.248 | 0.243 | 0.245 | 0.243 
InterfModel=1 | 0.933 | 0.245 | 0.248 | 0.243 | 0.245 | 0.243 
InterfModel=2 | 0.932 | 0.245 | 0.248 | 0.243 | 0.245 | 0.243 
ResourceManager:Consumed Energy - all values
 | node=0 | node=1 | node=2 | node=3 | node=4 | node=5
InterfModel=0 0 | 0.932478 | 0.245088 | 0.248877 | 0.242 | 0.24479 | 0.242372 
InterfModel=0 1 | 0.932468 | 0.245484 | 0.247993 | 0.242354 | 0.246697 | 0.242638 
InterfModel=0 2 | 0.932438 | 0.245723 | 0.248393 | 0.242607 | 0.243801 | 0.241485 
InterfModel=0 3 | 0.932458 | 0.245617 | 0.248053 | 0.243589 | 0.246719 | 0.242826 
InterfModel=0 4 | 0.932531 | 0.245492 | 0.248516 | 0.242474 | 0.245085 | 0.24309 
InterfModel=0 5 | 0.932493 | 0.246735 | 0.248626 | 0.242 | 0.245725 | 0.243819 
InterfModel=0 6 | 0.9325 | 0.243652 | 0.248857 | 0.243276 | 0.246386 | 0.242516 
InterfModel=0 7 | 0.932468 | 0.246042 | 0.24887 | 0.242221 | 0.244598 | 0.243072 
InterfModel=0 8 | 0.932518 | 0.245682 | 0.24881 | 0.243825 | 0.24656 | 0.242656 
InterfModel=0 9 | 0.932456 | 0.24537 | 0.248575 | 0.241665 | 0.244252 | 0.24252 
InterfModel=0 10 | 0.932418 | 0.24576 | 0.2485 | 0.239959 | 0.24472 | 0.243172 
InterfModel=0 11 | 0.93253 | 0.244826 | 0.248721 | 0.243511 | 0.245497 | 0.244551 
InterfModel=0 12 | 0.932445 | 0.245081 | 0.247716 | 0.242214 | 0.245122 | 0.243404 
InterfModel=0 13 | 0.932471 | 0.246229 | 0.248742 | 0.243916 | 0.245326 | 0.244366 
InterfModel=0 14 | 0.932427 | 0.244137 | 0.24732 | 0.243437 | 0.245689 | 0.241624 
InterfModel=0 15 | 0.932455 | 0.245648 | 0.248403 | 0.241895 | 0.245002 | 0.24389 
InterfModel=0 16 | 0.932402 | 0.245663 | 0.248068 | 0.242424 | 0.24504 | 0.242678 
InterfModel=0 17 | 0.932434 | 0.245522 | 0.248385 | 0.243407 | 0.245966 | 0.241926 
InterfModel=0 18 | 0.932531 | 0.245553 | 0.248565 | 0.243157 | 0.245503 | 0.244581 
InterfModel=0 19 | 0.93251 | 0.244553 | 0.248856 | 0.244015 | 0.245544 | 0.243943 
InterfModel=0 20 | 0.932424 | 0.244427 | 0.248324 | 0.241122 | 0.245952 | 0.242642 
InterfModel=0 21 | 0.932544 | 0.245743 | 0.248786 | 0.242825 | 0.245265 | 0.241544 
InterfModel=0 22 | 0.932424 | 0.244691 | 0.248467 | 0.240787 | 0.245095 | 0.243095 
InterfModel=0 23 | 0.932542 | 0.246387 | 0.248747 | 0.243438 | 0.244671 | 0.243165 
InterfModel=0 24 | 0.93252 | 0.245447 | 0.248378 | 0.241795 | 0.24549 | 0.243137 
InterfModel=0 25 | 0.932518 | 0.246092 | 0.248681 | 0.244027 | 0.243584 | 0.241184 
InterfModel=0 26 | 0.932436 | 0.243659 | 0.248404 | 0.242195 | 0.24466 | 0.242892 
InterfModel=0 27 | 0.932482 | 0.244887 | 0.248284 | 0.243754 | 0.245681 | 0.242171 
InterfModel=0 28 | 0.932482 | 0.245831 | 0.248207 | 0.242732 | 0.244896 | 0.242493 
InterfModel=0 29 | 0.932486 | 0.244216 | 0.248249 | 0.242178 | 0.245533 | 0.244079 
InterfModel=0 30 | 0.932467 | 0.24376 | 0.248183 | 0.242918 | 0.24524 | 0.243041 
InterfModel=0 31 | 0.932504 | 0.245547 | 0.248378 | 0.243436 | 0.24654 | 0.243202 
InterfModel=0 32 | 0.93251 | 0.245424 | 0.248736 | 0.242444 | 0.244508 | 0.243045 
InterfModel=0 33 | 0.932537 | 0.243933 | 0.248965 | 0.24145 | 0.246405 | 0.243213 
InterfModel=0 34 | 0.932537 | 0.246499 | 0.248732 | 0.242753 | 0.245169 | 0.242715 
InterfModel=0 35 | 0.932497 | 0.24411 | 0.249109 | 0.244012 | 0.244628 | 0.244243 
InterfModel=0 36 | 0.932496 | 0.244935 | 0.248742 | 0.242741 | 0.24429 | 0.242623 
InterfModel=0 37 | 0.93241 | 0.24578 | 0.248058 | 0.242069 | 0.246018 | 0.243025 
InterfModel=0 38 | 0.932443 | 0.245746 | 0.248708 | 0.243249 | 0.243814 | 0.243219 
InterfModel=0 39 | 0.932452 | 0.245235 | 0.248007 | 0.242395 | 0.24535 | 0.242512 
InterfModel=0 40 | 0.932443 | 0.246244 | 0.248312 | 0.242589 | 0.245195 | 0.243483 
InterfModel=0 41 | 0.932441 | 0.245356 | 0.248713 | 0.24376 | 0.247183 | 0.241916 
InterfModel=0 42 | 0.932434 | 0.244871 | 0.24784 | 0.24291 | 0.245496 | 0.243001 
InterfModel=0 43 | 0.932443 | 0.246745 | 0.248448 | 0.241145 | 0.2473 | 0.241117 
InterfModel=0 44 | 0.932495 | 0.24568 | 0.248428 | 0.243866 | 0.243859 | 0.244232 
InterfModel=0 45 | 0.932515 | 0.24571 | 0.248096 | 0.242805 | 0.244763 | 0.244386 
InterfModel=0 46 | 0.932432 | 0.244717 | 0.248433 | 0.243046 | 0.245102 | 0.243148 
InterfModel=0 47 | 0.932483 | 0.245559 | 0.248101 | 0.242532 | 0.245527 | 0.243192 
InterfModel=0 48 | 0.932442 | 0.244507 | 0.248102 | 0.242714 | 0.245611 | 0.244015 
InterfModel=0 49 | 0.932536 | 0.245019 | 0.248903 | 0.242741 | 0.244428 | 0.24378 
InterfModel=0 50 | 0.932411 | 0.244501 | 0.248391 | 0.243589 | 0.245785 | 0.243287 
InterfModel=0 51 | 0.932501 | 0.246595 | 0.248556 | 0.239823 | 0.245518 | 0.244729 
InterfModel=0 52 | 0.932447 | 0.245056 | 0.248025 | 0.243857 | 0.245169 | 0.243706 
InterfModel=0 53 | 0.932523 | 0.245271 | 0.248732 | 0.242788 | 0.246223 | 0.243056 
InterfModel=0 54 | 0.932441 | 0.245218 | 0.248025 | 0.243062 | 0.245467 | 0.242515 
InterfModel=0 55 | 0.932437 | 0.244532 | 0.247689 | 0.241303 | 0.246227 | 0.242307 
InterfModel=0 56 | 0.932514 | 0.245778 | 0.248911 | 0.242856 | 0.246606 | 0.242352 
InterfModel=0 57 | 0.932544 | 0.244631 | 0.248757 | 0.24184 | 0.246018 | 0.24164 
InterfModel=0 58 | 0.932519 | 0.245906 | 0.24838 | 0.242641 | 0.245437 | 0.241437 
InterfModel=0 59 | 0.932482 | 0.245063 | 0.248907 | 0.242092 | 0.246046 | 0.243139 
InterfModel=0 60 | 0.932471 | 0.244298 | 0.248209 | 0.243306 | 0.244251 | 0.243053 
InterfModel=0 61 | 0.932505 | 0.245241 | 0.248905 | 0.244843 | 0.246384 | 0.242954 
InterfModel=0 62 | 0.932458 | 0.245363 | 0.248711 | 0.242873 | 0.245506 | 0.24266 
InterfModel=0 63 | 0.932433 | 0.246507 | 0.247988 | 0.241064 | 0.244821 | 0.241635 
InterfModel=0 64 | 0.932517 | 0.245533 | 0.248922 | 0.243477 | 0.245367 | 0.244789 
InterfModel=0 65 | 0.93253 | 0.243599 | 0.248758 | 0.242197 | 0.244853 | 0.243722 
InterfModel=0 66 | 0.932545 | 0.245266 | 0.248703 | 0.242816 | 0.246736 | 0.241332 
InterfModel=0 67 | 0.932457 | 0.243993 | 0.248032 | 0.240421 | 0.245279 | 0.242825 
InterfModel=0 68 | 0.932502 | 0.245568 | 0.24827 | 0.243287 | 0.246175 | 0.239302 
InterfModel=0 69 | 0.932444 | 0.246052 | 0.248661 | 0.242437 | 0.242997 | 0.24355 
InterfModel=0 70 | 0.932409 | 0.244292 | 0.247978 | 0.240751 | 0.246263 | 0.240605 
InterfModel=0 71 | 0.932481 | 0.245499 | 0.248528 | 0.24243 | 0.246061 | 0.243588 
InterfModel=0 72 | 0.932442 | 0.245439 | 0.248448 | 0.243824 | 0.245023 | 0.241971 
InterfModel=0 73 | 0.932521 | 0.243781 | 0.248685 | 0.241878 | 0.245727 | 0.242342 
InterfModel=0 74 | 0.932475 | 0.244156 | 0.248267 | 0.242672 | 0.245356 | 0.241755 
InterfModel=0 75 | 0.932487 | 0.246657 | 0.248479 | 0.241935 | 0.245712 | 0.24336 
InterfModel=0 76 | 0.932443 | 0.246969 | 0.248522 | 0.242236 | 0.24527 | 0.24234 
InterfModel=0 77 | 0.932407 | 0.245537 | 0.248347 | 0.243349 | 0.245865 | 0.242939 
InterfModel=0 78 | 0.932435 | 0.246611 | 0.248192 | 0.242984 | 0.244459 | 0.241991 
InterfModel=0 79 | 0.932506 | 0.245889 | 0.247893 | 0.242917 | 0.24585 | 0.242685 
InterfModel=0 80 | 0.932535 | 0.244516 | 0.24879 | 0.243241 | 0.244212 | 0.241313 
InterfModel=0 81 | 0.932405 | 0.2464 | 0.2476 | 0.244119 | 0.245311 | 0.243334 
InterfModel=0 82 | 0.932535 | 0.2451 | 0.248029 | 0.242691 | 0.244389 | 0.243006 
InterfModel=0 83 | 0.932428 | 0.244171 | 0.248696 | 0.242819 | 0.245091 | 0.241943 
InterfModel=0 84 | 0.93245 | 0.244239 | 0.248406 | 0.243812 | 0.245084 | 0.241927 
InterfModel=0 85 | 0.93243 | 0.246196 | 0.248304 | 0.242305 | 0.245674 | 0.242234 
InterfModel=0 86 | 0.93254 | 0.245966 | 0.248803 | 0.241469 | 0.24591 | 0.243571 
InterfModel=0 87 | 0.932428 | 0.247024 | 0.248104 | 0.242245 | 0.24529 | 0.243165 
InterfModel=0 88 | 0.932452 | 0.246938 | 0.24891 | 0.241651 | 0.245486 | 0.243161 
InterfModel=0 89 | 0.932526 | 0.244987 | 0.248843 | 0.241933 | 0.244843 | 0.242044 
InterfModel=0 90 | 0.932513 | 0.245855 | 0.248426 | 0.242709 | 0.245532 | 0.243051 
InterfModel=0 91 | 0.932543 | 0.243957 | 0.248523 | 0.242921 | 0.245958 | 0.243058 
InterfModel=0 92 | 0.93245 | 0.245663 | 0.248285 | 0.243479 | 0.244906 | 0.243761 
InterfModel=0 93 | 0.932493 | 0.244487 | 0.248893 | 0.243647 | 0.245767 | 0.242156 
InterfModel=0 94 | 0.932456 | 0.246418 | 0.248566 | 0.243472 | 0.245685 | 0.242103 
InterfModel=0 95 | 0.932461 | 0.245535 | 0.248368 | 0.242488 | 0.245882 | 0.242017 
InterfModel=0 96 | 0.932496 | 0.245636 | 0.248896 | 0.243039 | 0.243962 | 0.242998 
InterfModel=0 97 | 0.932514 | 0.244959 | 0.248419 | 0.243494 | 0.245347 | 0.243242 
InterfModel=0 98 | 0.932494 | 0.245106 | 0.248293 | 0.243619 | 0.246491 | 0.243981 
InterfModel=0 99 | 0.932531 | 0.245885 | 0.248532 | 0.241808 | 0.245188 | 0.245044 
InterfModel=1 0 | 0.932575 | 0.243528 | 0.248716 | 0.242115 | 0.245926 | 0.242286 
InterfModel=1 1 | 0.93257 | 0.245899 | 0.248385 | 0.243771 | 0.244754 | 0.241778 
InterfModel=1 2 | 0.932482 | 0.24471 | 0.248545 | 0.241549 | 0.244337 | 0.242565 
InterfModel=1 3 | 0.932571 | 0.245613 | 0.248373 | 0.243294 | 0.245663 | 0.242664 
InterfModel=1 4 | 0.932532 | 0.245216 | 0.248235 | 0.243066 | 0.245577 | 0.243181 
InterfModel=1 5 | 0.932505 | 0.245522 | 0.248832 | 0.241704 | 0.245828 | 0.243776 
InterfModel=1 6 | 0.932477 | 0.245701 | 0.247704 | 0.240131 | 0.24473 | 0.240437 
InterfModel=1 7 | 0.932523 | 0.246784 | 0.248328 | 0.244414 | 0.245001 | 0.242672 
InterfModel=1 8 | 0.932488 | 0.2452 | 0.248335 | 0.242719 | 0.246178 | 0.242839 
InterfModel=1 9 | 0.93251 | 0.244392 | 0.248654 | 0.243704 | 0.244449 | 0.24109 
InterfModel=1 10 | 0.932545 | 0.244471 | 0.24864 | 0.241988 | 0.245635 | 0.244301 
InterfModel=1 11 | 0.932482 | 0.244766 | 0.248636 | 0.241454 | 0.244765 | 0.240751 
InterfModel=1 12 | 0.932496 | 0.246214 | 0.248311 | 0.244428 | 0.245017 | 0.243602 
InterfModel=1 13 | 0.932571 | 0.2459 | 0.248849 | 0.24396 | 0.246016 | 0.245608 
InterfModel=1 14 | 0.932589 | 0.244597 | 0.248784 | 0.240948 | 0.245796 | 0.243099 
InterfModel=1 15 | 0.932454 | 0.246395 | 0.248149 | 0.241594 | 0.245704 | 0.243933 
InterfModel=1 16 | 0.932464 | 0.245499 | 0.248134 | 0.243544 | 0.245886 | 0.242799 
InterfModel=1 17 | 0.932546 | 0.245523 | 0.248562 | 0.241523 | 0.245711 | 0.242531 
InterfModel=1 18 | 0.932537 | 0.245544 | 0.248843 | 0.242589 | 0.244657 | 0.243243 
InterfModel=1 19 | 0.932523 | 0.244458 | 0.248465 | 0.242258 | 0.245319 | 0.243342 
InterfModel=1 20 | 0.932564 | 0.246869 | 0.248773 | 0.242527 | 0.245815 | 0.24341 
InterfModel=1 21 | 0.932446 | 0.244948 | 0.248125 | 0.240173 | 0.246201 | 0.242809 
InterfModel=1 22 | 0.932568 | 0.247406 | 0.248768 | 0.242047 | 0.246558 | 0.244043 
InterfModel=1 23 | 0.932584 | 0.245551 | 0.248835 | 0.243193 | 0.244995 | 0.243166 
InterfModel=1 24 | 0.932455 | 0.245739 | 0.247861 | 0.243076 | 0.243208 | 0.242717 
InterfModel=1 25 | 0.932588 | 0.245696 | 0.248212 | 0.241781 | 0.245917 | 0.242628 
InterfModel=1 26 | 0.932541 | 0.246221 | 0.248699 | 0.242993 | 0.24503 | 0.245041 
InterfModel=1 27 | 0.932571 | 0.244985 | 0.248562 | 0.241483 | 0.246479 | 0.244566 
InterfModel=1 28 | 0.932553 | 0.245218 | 0.248549 | 0.243741 | 0.24587 | 0.243337 
InterfModel=1 29 | 0.932505 | 0.245669 | 0.248691 | 0.240905 | 0.245858 | 0.243286 
InterfModel=1 30 | 0.932483 | 0.245522 | 0.248073 | 0.241387 | 0.246909 | 0.244297 
InterfModel=1 31 | 0.932552 | 0.245762 | 0.248506 | 0.242617 | 0.245906 | 0.242119 
InterfModel=1 32 | 0.932591 | 0.245312 | 0.248541 | 0.24304 | 0.24622 | 0.244337 
InterfModel=1 33 | 0.932535 | 0.245777 | 0.248007 | 0.243697 | 0.245904 | 0.243237 
InterfModel=1 34 | 0.932544 | 0.244432 | 0.248536 | 0.24057 | 0.245502 | 0.243265 
InterfModel=1 35 | 0.932477 | 0.244833 | 0.247668 | 0.243697 | 0.245837 | 0.242736 
InterfModel=1 36 | 0.932473 | 0.245468 | 0.248393 | 0.243154 | 0.244621 | 0.242926 
InterfModel=1 37 | 0.932568 | 0.245637 | 0.248881 | 0.242496 | 0.245377 | 0.244355 
InterfModel=1 38 | 0.932519 | 0.244983 | 0.248191 | 0.243555 | 0.245312 | 0.243037 
InterfModel=1 39 | 0.932462 | 0.244084 | 0.248362 | 0.243308 | 0.245366 | 0.242933 
InterfModel=1 40 | 0.932506 | 0.246907 | 0.248461 | 0.241536 | 0.24394 | 0.243595 
InterfModel=1 41 | 0.932485 | 0.246047 | 0.248378 | 0.242051 | 0.246053 | 0.242923 
InterfModel=1 42 | 0.932477 | 0.244771 | 0.248477 | 0.242124 | 0.245087 | 0.244181 
InterfModel=1 43 | 0.932543 | 0.246633 | 0.248564 | 0.24271 | 0.244869 | 0.243613 
InterfModel=1 44 | 0.932461 | 0.244822 | 0.248837 | 0.241365 | 0.243726 | 0.240559 
InterfModel=1 45 | 0.932499 | 0.245297 | 0.248391 | 0.242513 | 0.245495 | 0.243925 
InterfModel=1 46 | 0.932543 | 0.245312 | 0.248299 | 0.241907 | 0.245343 | 0.243155 
InterfModel=1 47 | 0.932501 | 0.246266 | 0.248608 | 0.241318 | 0.245837 | 0.243796 
InterfModel=1 48 | 0.932531 | 0.245481 | 0.248017 | 0.243182 | 0.24569 | 0.244438 
InterfModel=1 49 | 0.93253 | 0.244334 | 0.248559 | 0.241549 | 0.245539 | 0.242525 
InterfModel=1 50 | 0.932565 | 0.245564 | 0.248412 | 0.243983 | 0.245508 | 0.243084 
InterfModel=1 51 | 0.932503 | 0.244981 | 0.248259 | 0.242863 | 0.245506 | 0.243107 
InterfModel=1 52 | 0.932593 | 0.246855 | 0.248509 | 0.241097 | 0.246298 | 0.243984 
InterfModel=1 53 | 0.932452 | 0.244759 | 0.248222 | 0.243111 | 0.245519 | 0.242407 
InterfModel=1 54 | 0.932473 | 0.244513 | 0.24761 | 0.24312 | 0.245188 | 0.243885 
InterfModel=1 55 | 0.932482 | 0.245697 | 0.248093 | 0.243563 | 0.245687 | 0.242908 
InterfModel=1 56 | 0.932535 | 0.245136 | 0.248532 | 0.243425 | 0.245735 | 0.243082 
InterfModel=1 57 | 0.932453 | 0.246082 | 0.248268 | 0.242495 | 0.246166 | 0.241641 
InterfModel=1 58 | 0.93253 | 0.244827 | 0.248222 | 0.239695 | 0.245339 | 0.24263 
InterfModel=1 59 | 0.932462 | 0.244805 | 0.248204 | 0.242168 | 0.24408 | 0.243612 
InterfModel=1 60 | 0.932551 | 0.246048 | 0.248886 | 0.243938 | 0.245549 | 0.241297 
InterfModel=1 61 | 0.932524 | 0.245004 | 0.248655 | 0.24097 | 0.244484 | 0.24134 
InterfModel=1 62 | 0.932479 | 0.244454 | 0.247654 | 0.243165 | 0.244752 | 0.243088 
InterfModel=1 63 | 0.932517 | 0.24489 | 0.248692 | 0.244237 | 0.246573 | 0.244167 
InterfModel=1 64 | 0.932533 | 0.245681 | 0.248029 | 0.244083 | 0.246074 | 0.243804 
InterfModel=1 65 | 0.932586 | 0.245226 | 0.248479 | 0.243126 | 0.245851 | 0.244282 
InterfModel=1 66 | 0.932536 | 0.244885 | 0.248655 | 0.244065 | 0.244985 | 0.243197 
InterfModel=1 67 | 0.932579 | 0.24595 | 0.248833 | 0.244034 | 0.245208 | 0.243014 
InterfModel=1 68 | 0.932516 | 0.243364 | 0.248641 | 0.242691 | 0.245456 | 0.241825 
InterfModel=1 69 | 0.932588 | 0.245136 | 0.248429 | 0.242518 | 0.246298 | 0.243784 
InterfModel=1 70 | 0.932588 | 0.245755 | 0.248422 | 0.242699 | 0.24603 | 0.243247 
InterfModel=1 71 | 0.932539 | 0.244455 | 0.248472 | 0.240758 | 0.246207 | 0.24184 
InterfModel=1 72 | 0.932481 | 0.245338 | 0.248823 | 0.242346 | 0.24573 | 0.242223 
InterfModel=1 73 | 0.932526 | 0.245925 | 0.248838 | 0.241297 | 0.245333 | 0.243519 
InterfModel=1 74 | 0.932571 | 0.245993 | 0.248772 | 0.243408 | 0.2444 | 0.241701 
InterfModel=1 75 | 0.932471 | 0.246064 | 0.248225 | 0.242409 | 0.246032 | 0.242843 
InterfModel=1 76 | 0.93244 | 0.245621 | 0.248126 | 0.241757 | 0.245436 | 0.243553 
InterfModel=1 77 | 0.932566 | 0.246559 | 0.248786 | 0.244559 | 0.245948 | 0.244295 
InterfModel=1 78 | 0.93256 | 0.245756 | 0.248459 | 0.243826 | 0.246016 | 0.2417 
InterfModel=1 79 | 0.932557 | 0.245656 | 0.24852 | 0.2437 | 0.24554 | 0.242044 
InterfModel=1 80 | 0.932567 | 0.24433 | 0.248341 | 0.24327 | 0.246071 | 0.242401 
InterfModel=1 81 | 0.932534 | 0.246035 | 0.24826 | 0.243512 | 0.24665 | 0.243377 
InterfModel=1 82 | 0.932566 | 0.246428 | 0.248645 | 0.243545 | 0.244715 | 0.242824 
InterfModel=1 83 | 0.932514 | 0.244852 | 0.248214 | 0.242266 | 0.244889 | 0.242558 
InterfModel=1 84 | 0.93247 | 0.245018 | 0.248644 | 0.242495 | 0.243693 | 0.242 
InterfModel=1 85 | 0.932486 | 0.244031 | 0.248245 | 0.241996 | 0.24597 | 0.243441 
InterfModel=1 86 | 0.932577 | 0.245365 | 0.248539 | 0.241078 | 0.245908 | 0.243741 
InterfModel=1 87 | 0.932566 | 0.245286 | 0.248636 | 0.243433 | 0.246561 | 0.242715 
InterfModel=1 88 | 0.93248 | 0.244905 | 0.248233 | 0.244626 | 0.245575 | 0.24332 
InterfModel=1 89 | 0.932501 | 0.24497 | 0.248294 | 0.242623 | 0.244725 | 0.243342 
InterfModel=1 90 | 0.932511 | 0.245302 | 0.248484 | 0.243233 | 0.244828 | 0.242457 
InterfModel=1 91 | 0.932522 | 0.246033 | 0.248117 | 0.243209 | 0.246773 | 0.243531 
InterfModel=1 92 | 0.932523 | 0.245731 | 0.248801 | 0.243163 | 0.246261 | 0.242222 
InterfModel=1 93 | 0.932467 | 0.244259 | 0.248085 | 0.241628 | 0.245844 | 0.241639 
InterfModel=1 94 | 0.932579 | 0.245189 | 0.248716 | 0.243917 | 0.245501 | 0.242837 
InterfModel=1 95 | 0.932462 | 0.243854 | 0.248303 | 0.242226 | 0.245641 | 0.243436 
InterfModel=1 96 | 0.93255 | 0.245085 | 0.24858 | 0.243195 | 0.245468 | 0.243808 
InterfModel=1 97 | 0.932463 | 0.24484 | 0.248685 | 0.243075 | 0.24445 | 0.243063 
InterfModel=1 98 | 0.932571 | 0.24565 | 0.248846 | 0.243811 | 0.246161 | 0.246048 
InterfModel=1 99 | 0.932579 | 0.245833 | 0.248495 | 0.243972 | 0.245483 | 0.243452 
InterfModel=2 0 | 0.932544 | 0.244952 | 0.24889 | 0.241989 | 0.245669 | 0.244049 
InterfModel=2 1 | 0.932479 | 0.244671 | 0.24833 | 0.244664 | 0.244842 | 0.243868 
InterfModel=2 2 | 0.932465 | 0.244137 | 0.248008 | 0.243117 | 0.245172 | 0.24212 
InterfModel=2 3 | 0.932452 | 0.244765 | 0.248693 | 0.24108 | 0.24665 | 0.242845 
InterfModel=2 4 | 0.93243 | 0.245025 | 0.248093 | 0.240899 | 0.244809 | 0.242344 
InterfModel=2 5 | 0.932471 | 0.245241 | 0.248387 | 0.240905 | 0.245994 | 0.24113 
InterfModel=2 6 | 0.932543 | 0.245202 | 0.248879 | 0.244142 | 0.245671 | 0.24357 
InterfModel=2 7 | 0.932532 | 0.244717 | 0.248454 | 0.241355 | 0.246528 | 0.243593 
InterfModel=2 8 | 0.932469 | 0.245796 | 0.248407 | 0.241271 | 0.244802 | 0.243583 
InterfModel=2 9 | 0.932505 | 0.244881 | 0.248672 | 0.24314 | 0.24588 | 0.243263 
InterfModel=2 10 | 0.932487 | 0.243803 | 0.247986 | 0.243935 | 0.245325 | 0.244289 
InterfModel=2 11 | 0.932512 | 0.244303 | 0.248737 | 0.242779 | 0.245658 | 0.242539 
InterfModel=2 12 | 0.932488 | 0.244622 | 0.247906 | 0.241149 | 0.244319 | 0.244116 
InterfModel=2 13 | 0.932561 | 0.245066 | 0.248991 | 0.242483 | 0.245744 | 0.24304 
InterfModel=2 14 | 0.932527 | 0.246232 | 0.248528 | 0.243399 | 0.245562 | 0.243504 
InterfModel=2 15 | 0.932473 | 0.246368 | 0.248253 | 0.242309 | 0.246357 | 0.243217 
InterfModel=2 16 | 0.932534 | 0.24676 | 0.248398 | 0.244254 | 0.245347 | 0.24274 
InterfModel=2 17 | 0.932472 | 0.246049 | 0.248358 | 0.243288 | 0.244829 | 0.242164 
InterfModel=2 18 | 0.932536 | 0.24407 | 0.248911 | 0.242456 | 0.244638 | 0.243367 
InterfModel=2 19 | 0.932446 | 0.245458 | 0.248196 | 0.242621 | 0.244256 | 0.244045 
InterfModel=2 20 | 0.93244 | 0.246379 | 0.24817 | 0.242198 | 0.245312 | 0.243826 
InterfModel=2 21 | 0.93248 | 0.244982 | 0.248257 | 0.242392 | 0.244916 | 0.243931 
InterfModel=2 22 | 0.932477 | 0.245272 | 0.248416 | 0.240592 | 0.244934 | 0.243149 
InterfModel=2 23 | 0.932443 | 0.244431 | 0.248014 | 0.242375 | 0.245367 | 0.240902 
InterfModel=2 24 | 0.93256 | 0.24531 | 0.248734 | 0.242852 | 0.245848 | 0.244898 
InterfModel=2 25 | 0.932556 | 0.245364 | 0.248801 | 0.242702 | 0.246172 | 0.242404 
InterfModel=2 26 | 0.932514 | 0.246628 | 0.248438 | 0.24336 | 0.245792 | 0.244288 
InterfModel=2 27 | 0.932528 | 0.246076 | 0.248762 | 0.24325 | 0.24521 | 0.242894 
InterfModel=2 28 | 0.932438 | 0.244492 | 0.248116 | 0.242744 | 0.245182 | 0.242789 
InterfModel=2 29 | 0.932527 | 0.245188 | 0.248713 | 0.244114 | 0.24636 | 0.241689 
InterfModel=2 30 | 0.932541 | 0.245127 | 0.248695 | 0.244429 | 0.245864 | 0.243927 
InterfModel=2 31 | 0.932535 | 0.244761 | 0.248753 | 0.24384 | 0.245655 | 0.243385 
InterfModel=2 32 | 0.932486 | 0.245755 | 0.248128 | 0.242426 | 0.24601 | 0.241477 
InterfModel=2 33 | 0.932484 | 0.24538 | 0.248848 | 0.241228 | 0.244153 | 0.242504 
InterfModel=2 34 | 0.932559 | 0.244347 | 0.248974 | 0.242685 | 0.245756 | 0.243708 
InterfModel=2 35 | 0.932564 | 0.245626 | 0.248219 | 0.241739 | 0.243405 | 0.243761 
InterfModel=2 36 | 0.932545 | 0.244481 | 0.247892 | 0.242543 | 0.246027 | 0.243147 
InterfModel=2 37 | 0.932519 | 0.245111 | 0.248071 | 0.243192 | 0.245547 | 0.24401 
InterfModel=2 38 | 0.932541 | 0.245685 | 0.248117 | 0.241763 | 0.245182 | 0.242908 
InterfModel=2 39 | 0.932444 | 0.24583 | 0.248454 | 0.242767 | 0.24477 | 0.242086 
InterfModel=2 40 | 0.93252 | 0.24621 | 0.248708 | 0.242123 | 0.245335 | 0.24374 
InterfModel=2 41 | 0.932465 | 0.244632 | 0.248241 | 0.242169 | 0.245094 | 0.2425 
InterfModel=2 42 | 0.932463 | 0.244681 | 0.247578 | 0.242482 | 0.245161 | 0.242147 
InterfModel=2 43 | 0.932433 | 0.244846 | 0.248871 | 0.243512 | 0.243419 | 0.242998 
InterfModel=2 44 | 0.932537 | 0.246262 | 0.248555 | 0.243895 | 0.246281 | 0.243424 
InterfModel=2 45 | 0.932478 | 0.244763 | 0.248911 | 0.240737 | 0.245785 | 0.242961 
InterfModel=2 46 | 0.932546 | 0.24446 | 0.2488 | 0.24184 | 0.244535 | 0.243812 
InterfModel=2 47 | 0.93245 | 0.244744 | 0.247707 | 0.242064 | 0.244877 | 0.243163 
InterfModel=2 48 | 0.93253 | 0.245535 | 0.248717 | 0.243164 | 0.244868 | 0.242797 
InterfModel=2 49 | 0.932454 | 0.244895 | 0.248285 | 0.242656 | 0.244985 | 0.243276 
InterfModel=2 50 | 0.932441 | 0.24339 | 0.248318 | 0.241822 | 0.244867 | 0.242486 
InterfModel=2 51 | 0.932511 | 0.244689 | 0.248488 | 0.242336 | 0.246758 | 0.242556 
InterfModel=2 52 | 0.932555 | 0.246685 | 0.247902 | 0.241946 | 0.246002 | 0.242933 
InterfModel=2 53 | 0.932454 | 0.244629 | 0.248445 | 0.240344 | 0.244272 | 0.243222 
InterfModel=2 54 | 0.932507 | 0.244938 | 0.248706 | 0.242692 | 0.246391 | 0.241273 
InterfModel=2 55 | 0.932499 | 0.244169 | 0.248425 | 0.244239 | 0.244786 | 0.242327 
InterfModel=2 56 | 0.932425 | 0.243957 | 0.248008 | 0.240525 | 0.245614 | 0.242129 
InterfModel=2 57 | 0.932572 | 0.246246 | 0.248635 | 0.241326 | 0.245484 | 0.241567 
InterfModel=2 58 | 0.932515 | 0.245541 | 0.248432 | 0.243417 | 0.245392 | 0.244023 
InterfModel=2 59 | 0.93247 | 0.245661 | 0.248295 | 0.243059 | 0.246181 | 0.244218 
InterfModel=2 60 | 0.93252 | 0.244796 | 0.247735 | 0.241343 | 0.245062 | 0.243951 
InterfModel=2 61 | 0.932549 | 0.243419 | 0.248505 | 0.239771 | 0.245328 | 0.241969 
InterfModel=2 62 | 0.932508 | 0.245695 | 0.248218 | 0.24317 | 0.244646 | 0.241846 
InterfModel=2 63 | 0.932444 | 0.244886 | 0.24777 | 0.242922 | 0.245095 | 0.243374 
InterfModel=2 64 | 0.932489 | 0.246763 | 0.24841 | 0.245865 | 0.24447 | 0.243828 
InterfModel=2 65 | 0.932424 | 0.245432 | 0.248181 | 0.243322 | 0.245667 | 0.243158 
InterfModel=2 66 | 0.932489 | 0.244993 | 0.248506 | 0.241123 | 0.244036 | 0.242953 
InterfModel=2 67 | 0.932508 | 0.245273 | 0.248687 | 0.242725 | 0.246566 | 0.243706 
InterfModel=2 68 | 0.932486 | 0.244183 | 0.248054 | 0.242156 | 0.245163 | 0.241659 
InterfModel=2 69 | 0.932528 | 0.245955 | 0.248264 | 0.244285 | 0.245372 | 0.243209 
InterfModel=2 70 | 0.932558 | 0.244877 | 0.248412 | 0.24255 | 0.245677 | 0.243441 
InterfModel=2 71 | 0.932433 | 0.246267 | 0.248152 | 0.243567 | 0.245766 | 0.243441 
InterfModel=2 72 | 0.932524 | 0.247057 | 0.248502 | 0.241166 | 0.246048 | 0.244314 
InterfModel=2 73 | 0.932557 | 0.24438 | 0.248802 | 0.242462 | 0.24466 | 0.242305 
InterfModel=2 74 | 0.932515 | 0.24569 | 0.248924 | 0.242835 | 0.245641 | 0.241849 
InterfModel=2 75 | 0.932534 | 0.247261 | 0.248081 | 0.242776 | 0.246073 | 0.24179 
InterfModel=2 76 | 0.932497 | 0.245286 | 0.248526 | 0.241478 | 0.245478 | 0.243185 
InterfModel=2 77 | 0.932527 | 0.244992 | 0.248509 | 0.24292 | 0.24559 | 0.242348 
InterfModel=2 78 | 0.932532 | 0.246689 | 0.248758 | 0.24273 | 0.245232 | 0.243174 
InterfModel=2 79 | 0.932453 | 0.245109 | 0.248389 | 0.241669 | 0.244053 | 0.242441 
InterfModel=2 80 | 0.93256 | 0.244698 | 0.248536 | 0.242387 | 0.245935 | 0.243502 
InterfModel=2 81 | 0.932555 | 0.246118 | 0.24872 | 0.24333 | 0.245767 | 0.243806 
InterfModel=2 82 | 0.932544 | 0.247306 | 0.248882 | 0.242541 | 0.245494 | 0.241837 
InterfModel=2 83 | 0.932427 | 0.24421 | 0.247878 | 0.242838 | 0.245393 | 0.243412 
InterfModel=2 84 | 0.932465 | 0.245681 | 0.248731 | 0.242931 | 0.24578 | 0.241804 
InterfModel=2 85 | 0.932507 | 0.245861 | 0.248199 | 0.243804 | 0.245987 | 0.243951 
InterfModel=2 86 | 0.932507 | 0.24536 | 0.24802 | 0.241631 | 0.245271 | 0.242178 
InterfModel=2 87 | 0.932555 | 0.245134 | 0.248622 | 0.240137 | 0.244452 | 0.243802 
InterfModel=2 88 | 0.932459 | 0.243926 | 0.248231 | 0.242551 | 0.245318 | 0.243858 
InterfModel=2 89 | 0.932491 | 0.245718 | 0.248453 | 0.243533 | 0.243479 | 0.243528 
InterfModel=2 90 | 0.932464 | 0.246196 | 0.248328 | 0.242107 | 0.246053 | 0.242215 
InterfModel=2 91 | 0.932446 | 0.244174 | 0.248275 | 0.242309 | 0.244492 | 0.242279 
InterfModel=2 92 | 0.932479 | 0.245475 | 0.24791 | 0.243258 | 0.244812 | 0.243918 
InterfModel=2 93 | 0.932562 | 0.24616 | 0.248895 | 0.242509 | 0.246378 | 0.242762 
InterfModel=2 94 | 0.932422 | 0.246159 | 0.248317 | 0.24143 | 0.245073 | 0.242947 
InterfModel=2 95 | 0.932482 | 0.24726 | 0.24873 | 0.241985 | 0.244872 | 0.242531 
InterfModel=2 96 | 0.932435 | 0.244095 | 0.248276 | 0.242646 | 0.244977 | 0.243874 
InterfModel=2 97 | 0.932443 | 0.246021 | 0.248274 | 0.242556 | 0.242955 | 0.244668 
InterfModel=2 98 | 0.932469 | 0.244675 | 0.248212 | 0.243243 | 0.246201 | 0.244122 
InterfModel=2 99 | 0.932526 | 0.246263 | 0.248766 | 0.242369 | 0.244999 | 0.241671 

