CastaliaResults -i saida.txt -s Energy nJ/bit -n --all -o2                                                           

Application:Energy nJ/bit
 | node=1 | node=2 | node=3 | node=4 | node=5
InterfModel=0 | 102.752 | 103.044 | 67.357 | 46.057 | 47.027 
InterfModel=1 | 108.034 | 108.545 | 70.316 | 52.628 | 54.479 
InterfModel=2 | 105.913 | 102.929 | 69.388 | 49.388 | 51.84 
Application:Energy nJ/bit - all values
 | node=1 | node=2 | node=3 | node=4 | node=5
InterfModel=0 0 | 102.99 | 103.162 | 66.9523 | 45.3072 | 48.1058 
InterfModel=0 1 | 103.302 | 103.335 | 67.3159 | 46.0685 | 46.5145 
InterfModel=0 2 | 102.282 | 102.64 | 67.3706 | 46.3863 | 46.4955 
InterfModel=0 3 | 102.345 | 101.969 | 67.533 | 47.0997 | 47.1811 
InterfModel=0 4 | 102.725 | 103.59 | 67.1613 | 45.66 | 47.2401 
InterfModel=0 5 | 103.136 | 103.455 | 67.4854 | 46.0967 | 46.8994 
InterfModel=0 6 | 102.315 | 103.19 | 67.6985 | 46.1698 | 46.4238 
InterfModel=0 7 | 102.666 | 102.98 | 67.3263 | 45.9214 | 47.2906 
InterfModel=0 8 | 103.094 | 103.423 | 67.6931 | 45.813 | 47.5829 
InterfModel=0 9 | 103.291 | 102.966 | 67.0464 | 45.1797 | 47.1833 
InterfModel=0 10 | 102.909 | 102.827 | 66.4957 | 45.5778 | 47.7865 
InterfModel=0 11 | 102.41 | 103.277 | 67.4801 | 47.1005 | 45.9489 
InterfModel=0 12 | 103.097 | 102.609 | 66.9958 | 45.7458 | 47.2935 
InterfModel=0 13 | 103.033 | 103.612 | 67.5923 | 46.0074 | 47.0807 
InterfModel=0 14 | 101.551 | 102.731 | 67.4124 | 46.738 | 46.3873 
InterfModel=0 15 | 102.646 | 102.966 | 67.2984 | 46.0991 | 47.2183 
InterfModel=0 16 | 102.869 | 102.899 | 66.9295 | 46.57 | 46.552 
InterfModel=0 17 | 102.629 | 103.39 | 67.7666 | 46.3025 | 46.8914 
InterfModel=0 18 | 102.678 | 103.61 | 67.382 | 46.0478 | 46.2392 
InterfModel=0 19 | 102.081 | 103.768 | 68.0634 | 45.8532 | 46.6895 
InterfModel=0 20 | 102.423 | 103.257 | 67.1775 | 46.2194 | 47.4006 
InterfModel=0 21 | 103.156 | 102.874 | 67.0714 | 46.1267 | 47.0472 
InterfModel=0 22 | 102.787 | 102.957 | 66.9434 | 46.6399 | 45.9582 
InterfModel=0 23 | 102.883 | 103.252 | 67.4126 | 46.1463 | 47.124 
InterfModel=0 24 | 103.214 | 102.491 | 67.2078 | 47.4202 | 45.8206 
InterfModel=0 25 | 102.903 | 102.938 | 68.3548 | 46.5609 | 45.6913 
InterfModel=0 26 | 101.922 | 103.074 | 67.3504 | 46.1735 | 47.0021 
InterfModel=0 27 | 102.616 | 103.602 | 67.8792 | 45.9148 | 46.9465 
InterfModel=0 28 | 103.375 | 102.741 | 67.563 | 45.8617 | 47.0627 
InterfModel=0 29 | 102.012 | 103.298 | 67.4246 | 46.8432 | 46.8133 
InterfModel=0 30 | 102.144 | 102.696 | 67.5201 | 45.8829 | 47.5879 
InterfModel=0 31 | 102.066 | 102.812 | 67.4277 | 45.8379 | 47.1772 
InterfModel=0 32 | 103.023 | 103.032 | 66.7491 | 45.6382 | 47.1006 
InterfModel=0 33 | 101.715 | 103.886 | 67.3795 | 46.8368 | 47.1255 
InterfModel=0 34 | 102.462 | 103.174 | 67.3798 | 45.6829 | 48.0297 
InterfModel=0 35 | 101.896 | 102.544 | 67.5246 | 47.1847 | 46.8146 
InterfModel=0 36 | 101.422 | 102.856 | 67.2353 | 45.8998 | 47.3891 
InterfModel=0 37 | 102.954 | 103.038 | 67.1428 | 46.0356 | 47.1582 
InterfModel=0 38 | 102.904 | 102.77 | 67.6594 | 46.6498 | 46.5285 
InterfModel=0 39 | 103.198 | 102.838 | 67.4848 | 45.6309 | 46.7311 
InterfModel=0 40 | 103.33 | 102.749 | 67.4916 | 45.2487 | 49.0126 
InterfModel=0 41 | 102.416 | 103.563 | 67.6594 | 44.9672 | 47.4066 
InterfModel=0 42 | 102.899 | 102.554 | 67.4075 | 47.3445 | 45.977 
InterfModel=0 43 | 103.541 | 102.025 | 67.1998 | 45.2374 | 47.7929 
InterfModel=0 44 | 102.912 | 103.589 | 67.6098 | 46.3308 | 47.1924 
InterfModel=0 45 | 103.986 | 102.624 | 67.2217 | 46.0833 | 46.342 
InterfModel=0 46 | 102.726 | 102.835 | 67.6505 | 46.1982 | 47.1052 
InterfModel=0 47 | 103.591 | 103.308 | 67.9522 | 45.9653 | 46.847 
InterfModel=0 48 | 102.026 | 103.671 | 67.764 | 46.3823 | 47.0741 
InterfModel=0 49 | 101.634 | 103.86 | 67.0792 | 46.0858 | 47.2663 
InterfModel=0 50 | 102.635 | 103.032 | 67.7382 | 46.6 | 46.85 
InterfModel=0 51 | 103.114 | 103.209 | 66.5974 | 44.939 | 47.6675 
InterfModel=0 52 | 103.122 | 102.169 | 67.466 | 46.0069 | 46.9459 
InterfModel=0 53 | 104.022 | 103.607 | 67.0145 | 45.4384 | 47.4426 
InterfModel=0 54 | 103.045 | 103.277 | 67.8133 | 46.5398 | 46.8759 
InterfModel=0 55 | 102.72 | 102.42 | 66.9773 | 46.2273 | 46.3986 
InterfModel=0 56 | 102.989 | 102.783 | 67.4239 | 46.2693 | 46.3179 
InterfModel=0 57 | 102.69 | 102.934 | 67.3933 | 46.2975 | 46.7902 
InterfModel=0 58 | 103.261 | 103.1 | 67.0984 | 45.7042 | 46.4487 
InterfModel=0 59 | 102.943 | 103.644 | 66.7914 | 46.0335 | 47.0346 
InterfModel=0 60 | 102.082 | 102.814 | 66.9247 | 45.5261 | 47.6843 
InterfModel=0 61 | 102.728 | 103.03 | 67.786 | 46.1766 | 46.8998 
InterfModel=0 62 | 102.347 | 103.454 | 67.4288 | 45.8749 | 47.0413 
InterfModel=0 63 | 103.587 | 102.544 | 66.9734 | 45.6753 | 47.2815 
InterfModel=0 64 | 102.67 | 103.217 | 67.8496 | 46.0368 | 47.1014 
InterfModel=0 65 | 101.504 | 103.185 | 67.241 | 45.9838 | 47.1321 
InterfModel=0 66 | 102.847 | 103.198 | 67.0844 | 45.8815 | 47.6214 
InterfModel=0 67 | 102.17 | 102.776 | 66.5771 | 46.2316 | 46.648 
InterfModel=0 68 | 102.685 | 102.875 | 67.5279 | 45.6702 | 48.1384 
InterfModel=0 69 | 102.887 | 103.037 | 67.2765 | 45.4346 | 46.5394 
InterfModel=0 70 | 102.403 | 102.897 | 66.7152 | 45.3895 | 47.3368 
InterfModel=0 71 | 102.547 | 102.803 | 67.0711 | 46.2546 | 47.2984 
InterfModel=0 72 | 104.316 | 103.525 | 67.9939 | 45.5915 | 46.1266 
InterfModel=0 73 | 101.866 | 103.227 | 67.184 | 45.9234 | 46.888 
InterfModel=0 74 | 102.671 | 102.981 | 67.3886 | 45.6178 | 47.5236 
InterfModel=0 75 | 103.576 | 103.647 | 67.3096 | 45.7626 | 47.432 
InterfModel=0 76 | 103.817 | 102.872 | 67.2989 | 45.6302 | 47.8917 
InterfModel=0 77 | 103.618 | 103.014 | 67.0915 | 45.9132 | 47.1646 
InterfModel=0 78 | 104.034 | 102.914 | 67.6173 | 46.5859 | 46.3083 
InterfModel=0 79 | 102.819 | 102.54 | 67.6461 | 45.7811 | 47.4402 
InterfModel=0 80 | 102.389 | 103.27 | 67.5152 | 45.0323 | 48.3144 
InterfModel=0 81 | 102.78 | 102.135 | 67.6171 | 46.1135 | 47.4736 
InterfModel=0 82 | 102.633 | 102.847 | 67.1123 | 46.6025 | 46.4205 
InterfModel=0 83 | 101.353 | 103.411 | 67.2255 | 46.5276 | 46.8795 
InterfModel=0 84 | 102.597 | 102.184 | 67.7527 | 45.6884 | 47.2145 
InterfModel=0 85 | 102.587 | 102.782 | 66.9122 | 46.0872 | 47.4456 
InterfModel=0 86 | 102.887 | 103.024 | 67.3848 | 45.828 | 47.1873 
InterfModel=0 87 | 102.788 | 102.699 | 67.1291 | 46.902 | 47.1239 
InterfModel=0 88 | 104.357 | 102.961 | 67.1836 | 45.6777 | 47.6899 
InterfModel=0 89 | 102.334 | 103.509 | 67.199 | 45.8807 | 46.9525 
InterfModel=0 90 | 103.058 | 103.083 | 67.1173 | 46.6933 | 46.9414 
InterfModel=0 91 | 101.832 | 103.484 | 67.7264 | 45.8873 | 47.3886 
InterfModel=0 92 | 102.905 | 102.953 | 67.9776 | 45.5626 | 46.9717 
InterfModel=0 93 | 102.053 | 103.025 | 67.6437 | 46.1628 | 46.7912 
InterfModel=0 94 | 103.294 | 103.829 | 67.6899 | 45.6434 | 46.3075 
InterfModel=0 95 | 102.419 | 102.951 | 66.6688 | 46.1407 | 47.0009 
InterfModel=0 96 | 103.002 | 102.777 | 67.4592 | 46.6631 | 46.606 
InterfModel=0 97 | 102.143 | 102.901 | 67.5382 | 46.281 | 46.4731 
InterfModel=0 98 | 102.889 | 102.956 | 67.4786 | 46.7116 | 47.0065 
InterfModel=0 99 | 102.998 | 103.56 | 67.1487 | 45.8514 | 46.7349 
InterfModel=1 0 | 107.775 | 109.178 | 69.9762 | 53.3277 | 54.7213 
InterfModel=1 1 | 108.703 | 108.993 | 70.472 | 51.262 | 55.5657 
InterfModel=1 2 | 108.298 | 109.506 | 69.9826 | 51.1657 | 55.5322 
InterfModel=1 3 | 108.135 | 109.027 | 70.7984 | 53.1835 | 54.1796 
InterfModel=1 4 | 108.805 | 108.686 | 70.888 | 52.0664 | 54.8194 
InterfModel=1 5 | 108.375 | 109.028 | 69.8743 | 52.5881 | 54.7463 
InterfModel=1 6 | 108.213 | 109.419 | 69.5887 | 52.2591 | 54.1905 
InterfModel=1 7 | 108.13 | 108.687 | 71.1416 | 52.8383 | 53.1741 
InterfModel=1 8 | 108.434 | 108.252 | 70.6829 | 52.8815 | 53.3481 
InterfModel=1 9 | 107.757 | 108.99 | 70.5898 | 52.8151 | 55.2796 
InterfModel=1 10 | 107.711 | 107.95 | 70.3667 | 52.8221 | 54.8537 
InterfModel=1 11 | 107.325 | 109.304 | 70.3659 | 52.8737 | 54.0976 
InterfModel=1 12 | 108.761 | 108.242 | 71.1457 | 51.6534 | 55.4604 
InterfModel=1 13 | 108.744 | 109.885 | 70.6638 | 53.1728 | 54.9295 
InterfModel=1 14 | 108.047 | 108.289 | 69.5545 | 53.3871 | 54.3584 
InterfModel=1 15 | 109.084 | 107.816 | 70.4413 | 52.2238 | 55.0724 
InterfModel=1 16 | 108.607 | 108.006 | 69.9477 | 52.9814 | 54.6607 
InterfModel=1 17 | 107.459 | 108.153 | 70.0262 | 51.6534 | 54.3436 
InterfModel=1 18 | 108.748 | 108.912 | 69.4221 | 53.3538 | 54.2683 
InterfModel=1 19 | 106.954 | 108.587 | 70.0517 | 52.7254 | 53.5575 
InterfModel=1 20 | 108.768 | 109.122 | 70.1465 | 52.5757 | 55.0377 
InterfModel=1 21 | 108.444 | 109.079 | 69.4993 | 53.8582 | 53.1846 
InterfModel=1 22 | 108.723 | 109.645 | 70.2979 | 51.056 | 56.1405 
InterfModel=1 23 | 108.954 | 108.669 | 70.8034 | 53.703 | 53.1552 
InterfModel=1 24 | 108.15 | 106.949 | 70.528 | 51.8784 | 55.1428 
InterfModel=1 25 | 107.773 | 108.997 | 70.6168 | 52.988 | 54.5811 
InterfModel=1 26 | 108.162 | 108.292 | 69.8906 | 51.7294 | 55.4908 
InterfModel=1 27 | 107.62 | 109.595 | 70.2541 | 51.8789 | 54.4512 
InterfModel=1 28 | 108.121 | 107.832 | 70.5319 | 53.6773 | 53.4084 
InterfModel=1 29 | 108.32 | 108.487 | 69.1397 | 51.4572 | 55.3568 
InterfModel=1 30 | 108.135 | 108.456 | 69.9868 | 52.8762 | 53.8375 
InterfModel=1 31 | 107.643 | 108.526 | 70.7916 | 52.3787 | 54.4356 
InterfModel=1 32 | 107.883 | 109.222 | 70.759 | 53.4888 | 54.3088 
InterfModel=1 33 | 108.367 | 107.793 | 70.314 | 51.8956 | 54.584 
InterfModel=1 34 | 107.416 | 109.179 | 69.6651 | 52.3584 | 55.1727 
InterfModel=1 35 | 108.473 | 108.398 | 70.829 | 52.103 | 54.0537 
InterfModel=1 36 | 108.151 | 108.956 | 69.9031 | 53.3263 | 53.6048 
InterfModel=1 37 | 108.145 | 107.78 | 70.3082 | 52.7285 | 54.3633 
InterfModel=1 38 | 107.858 | 107.952 | 70.4609 | 52.1404 | 54.4878 
InterfModel=1 39 | 107.303 | 107.673 | 70.6125 | 52.9076 | 54.7221 
InterfModel=1 40 | 108.624 | 108.03 | 70.2181 | 51.6734 | 54.9751 
InterfModel=1 41 | 107.967 | 108.709 | 70.3506 | 53.2002 | 54.3189 
InterfModel=1 42 | 109.177 | 108.195 | 70.2175 | 53.0299 | 53.0751 
InterfModel=1 43 | 109.149 | 108.511 | 70.7667 | 52.0462 | 54.5654 
InterfModel=1 44 | 108.388 | 109.554 | 69.3888 | 51.6282 | 54.7885 
InterfModel=1 45 | 107.242 | 108.277 | 70.1595 | 52.8684 | 53.8652 
InterfModel=1 46 | 108.082 | 108.515 | 70.3088 | 53.3373 | 54.0157 
InterfModel=1 47 | 108.663 | 107.976 | 70.6376 | 52.3079 | 54.5551 
InterfModel=1 48 | 107.718 | 108.272 | 69.8269 | 53.0638 | 55.2177 
InterfModel=1 49 | 107.691 | 108.034 | 69.9144 | 52.4884 | 53.7954 
InterfModel=1 50 | 107.834 | 108.924 | 71.1901 | 52.4253 | 53.9697 
InterfModel=1 51 | 107.499 | 108.378 | 70.1753 | 52.2843 | 54.8547 
InterfModel=1 52 | 107.528 | 108.806 | 69.8175 | 53.1951 | 54.8654 
InterfModel=1 53 | 107.481 | 107.573 | 70.5382 | 53.0077 | 54.4799 
InterfModel=1 54 | 106.782 | 107.739 | 70.3692 | 52.2726 | 54.2994 
InterfModel=1 55 | 107.773 | 107.088 | 70.1225 | 52.8141 | 53.7103 
InterfModel=1 56 | 108.125 | 108.656 | 70.6637 | 52.8435 | 53.6491 
InterfModel=1 57 | 107.625 | 109.506 | 70.2054 | 52.7362 | 54.6585 
InterfModel=1 58 | 106.88 | 109.445 | 69.26 | 52.5685 | 54.9657 
InterfModel=1 59 | 106.674 | 108.156 | 69.7375 | 52.7448 | 54.4322 
InterfModel=1 60 | 107.452 | 109.011 | 71.0725 | 51.9772 | 54.3947 
InterfModel=1 61 | 108.469 | 109.718 | 69.6115 | 53.0536 | 54.9138 
InterfModel=1 62 | 107.307 | 107.405 | 69.974 | 52.2826 | 54.5301 
InterfModel=1 63 | 107.578 | 107.894 | 70.882 | 54.0786 | 53.7491 
InterfModel=1 64 | 107.965 | 108.238 | 70.4252 | 52.2184 | 54.1902 
InterfModel=1 65 | 107.093 | 108.713 | 70.0305 | 52.7351 | 55.5833 
InterfModel=1 66 | 107.735 | 108.79 | 70.5055 | 53.2205 | 54.3496 
InterfModel=1 67 | 109.457 | 109.391 | 70.9614 | 52.399 | 54.0349 
InterfModel=1 68 | 108.104 | 107.598 | 71.0569 | 53.1289 | 54.308 
InterfModel=1 69 | 108.325 | 108.293 | 69.6364 | 52.5282 | 55.0699 
InterfModel=1 70 | 108.519 | 107.895 | 70.128 | 52.926 | 54.2081 
InterfModel=1 71 | 107.149 | 108.91 | 69.2645 | 51.3406 | 55.4517 
InterfModel=1 72 | 108.94 | 108.148 | 70.5051 | 52.1362 | 54.6552 
InterfModel=1 73 | 108.836 | 108.75 | 69.7399 | 52.9388 | 54.5959 
InterfModel=1 74 | 108.182 | 109.082 | 70.1627 | 53.0258 | 53.2751 
InterfModel=1 75 | 108.414 | 109.043 | 70.4889 | 51.9134 | 54.6913 
InterfModel=1 76 | 108.985 | 108.399 | 70.2995 | 52.6271 | 53.7731 
InterfModel=1 77 | 109.851 | 108.528 | 70.7686 | 53.6451 | 53.8769 
InterfModel=1 78 | 107.246 | 109.267 | 71.1794 | 51.956 | 54.5785 
InterfModel=1 79 | 107.517 | 109.052 | 70.7436 | 52.8875 | 53.9603 
InterfModel=1 80 | 108.13 | 108.853 | 69.7849 | 52.2551 | 54.8096 
InterfModel=1 81 | 108.001 | 108.259 | 70.5856 | 52.9541 | 55.2506 
InterfModel=1 82 | 108.897 | 108.746 | 70.5265 | 52.501 | 54.8531 
InterfModel=1 83 | 108.28 | 107.569 | 70.3959 | 53.0063 | 54.2475 
InterfModel=1 84 | 108.273 | 107.952 | 69.8825 | 51.6304 | 54.7606 
InterfModel=1 85 | 107.319 | 107.231 | 70.2318 | 53.5323 | 55.0238 
InterfModel=1 86 | 107.906 | 108.699 | 69.6596 | 52.8806 | 54.1256 
InterfModel=1 87 | 107.871 | 109.425 | 71.3094 | 53.8875 | 53.4195 
InterfModel=1 88 | 108.063 | 107.343 | 70.1402 | 52.657 | 55.0069 
InterfModel=1 89 | 107.375 | 107.879 | 70.2766 | 52.4463 | 55.4224 
InterfModel=1 90 | 107.008 | 107.53 | 70.2994 | 52.9546 | 54.8326 
InterfModel=1 91 | 107.722 | 108.118 | 70.8082 | 53.3751 | 53.2251 
InterfModel=1 92 | 107.669 | 109.457 | 70.058 | 51.9156 | 55.4324 
InterfModel=1 93 | 107.658 | 108.143 | 70.1762 | 53.0202 | 54.2561 
InterfModel=1 94 | 108.915 | 109.017 | 71.1535 | 52.9176 | 53.9048 
InterfModel=1 95 | 106.925 | 109.037 | 70.367 | 53.1884 | 53.5586 
InterfModel=1 96 | 106.874 | 109.28 | 70.6832 | 51.7945 | 55.6991 
InterfModel=1 97 | 106.885 | 108.167 | 70.8211 | 54.1822 | 52.8898 
InterfModel=1 98 | 108.998 | 108.634 | 71.0529 | 52.5272 | 55.7613 
InterfModel=1 99 | 108.112 | 109.162 | 70.7533 | 51.4149 | 55.4687 
InterfModel=2 0 | 105.732 | 102.917 | 69.184 | 48.8987 | 52.6808 
InterfModel=2 1 | 105.687 | 102.9 | 69.9321 | 49.3279 | 52.0378 
InterfModel=2 2 | 105.228 | 102.695 | 69.7747 | 48.7347 | 51.6834 
InterfModel=2 3 | 106.19 | 103.122 | 69.0071 | 49.3083 | 52.0059 
InterfModel=2 4 | 106.187 | 102.945 | 68.8228 | 49.363 | 51.0538 
InterfModel=2 5 | 104.418 | 103.175 | 69.3404 | 50.0599 | 50.9151 
InterfModel=2 6 | 105.343 | 103.451 | 70.0012 | 49.7644 | 51.394 
InterfModel=2 7 | 106.247 | 102.665 | 69.0691 | 49.5668 | 52.185 
InterfModel=2 8 | 105.828 | 102.432 | 68.9622 | 48.0197 | 53.1877 
InterfModel=2 9 | 105.894 | 102.97 | 69.9328 | 49.6463 | 52.1236 
InterfModel=2 10 | 105.389 | 103.55 | 69.5567 | 49.6436 | 51.2459 
InterfModel=2 11 | 105.529 | 103.14 | 69.2767 | 47.9899 | 53.8789 
InterfModel=2 12 | 105.056 | 102.832 | 68.4505 | 49.1393 | 52.6093 
InterfModel=2 13 | 106.089 | 103.824 | 69.4585 | 48.637 | 52.0103 
InterfModel=2 14 | 106.672 | 103.486 | 69.3872 | 50.4287 | 50.3886 
InterfModel=2 15 | 106.459 | 102.511 | 69.5764 | 49.5408 | 52.1231 
InterfModel=2 16 | 106.051 | 102.678 | 69.7981 | 48.1979 | 53.356 
InterfModel=2 17 | 106.322 | 102.697 | 69.2064 | 50.0881 | 51.1334 
InterfModel=2 18 | 105.62 | 102.925 | 68.871 | 50.3606 | 50.9986 
InterfModel=2 19 | 106.647 | 103.203 | 69.4983 | 49.5789 | 50.9969 
InterfModel=2 20 | 106.93 | 102.548 | 69.9154 | 48.7055 | 52.8531 
InterfModel=2 21 | 105.325 | 103.085 | 68.9514 | 49.9001 | 51.4792 
InterfModel=2 22 | 106.178 | 102.721 | 68.6033 | 50.579 | 51.4236 
InterfModel=2 23 | 105.202 | 102.306 | 69.5282 | 49.0601 | 52.3622 
InterfModel=2 24 | 105.887 | 103.103 | 68.7538 | 50.4962 | 51.5371 
InterfModel=2 25 | 106.645 | 103.131 | 69.8746 | 49.3786 | 51.8742 
InterfModel=2 26 | 105.727 | 102.623 | 70.0979 | 49.1781 | 52.4566 
InterfModel=2 27 | 106.526 | 103.439 | 69.3446 | 48.677 | 52.129 
InterfModel=2 28 | 105.572 | 102.49 | 69.4832 | 50.1777 | 50.7881 
InterfModel=2 29 | 106.452 | 103.963 | 69.8083 | 48.056 | 53.3614 
InterfModel=2 30 | 105.693 | 103.051 | 69.5973 | 49.2504 | 51.1249 
InterfModel=2 31 | 105.842 | 102.968 | 69.6965 | 49.0107 | 52.4994 
InterfModel=2 32 | 106.233 | 103.247 | 69.4425 | 48.8847 | 50.7812 
InterfModel=2 33 | 106.11 | 103.258 | 69.1157 | 49.8813 | 51.4975 
InterfModel=2 34 | 105.739 | 103.203 | 69.4663 | 49.5792 | 51.7439 
InterfModel=2 35 | 105.222 | 102.533 | 69.3624 | 49.2217 | 52.2022 
InterfModel=2 36 | 105.491 | 102.825 | 69.3923 | 48.9372 | 52.0894 
InterfModel=2 37 | 105.955 | 102.972 | 69.8129 | 48.333 | 52.7296 
InterfModel=2 38 | 105.437 | 102.991 | 68.9044 | 50.2036 | 51.4548 
InterfModel=2 39 | 105.234 | 102.808 | 69.607 | 48.99 | 52.5908 
InterfModel=2 40 | 106.391 | 103.38 | 69.3891 | 49.9514 | 51.7878 
InterfModel=2 41 | 105.671 | 103.511 | 68.9044 | 49.4707 | 51.5887 
InterfModel=2 42 | 105.577 | 102.091 | 69.3415 | 49.2587 | 51.6521 
InterfModel=2 43 | 105.305 | 102.945 | 69.5026 | 48.8099 | 52.2456 
InterfModel=2 44 | 105.99 | 102.458 | 69.9641 | 49.8625 | 51.8965 
InterfModel=2 45 | 106.112 | 103.357 | 68.5953 | 50.2147 | 51.3563 
InterfModel=2 46 | 105.827 | 103.419 | 68.9759 | 50.7077 | 50.5931 
InterfModel=2 47 | 105.033 | 102.499 | 69.4222 | 49.4269 | 52.1116 
InterfModel=2 48 | 105.639 | 103.276 | 69.8217 | 49.6356 | 51.7167 
InterfModel=2 49 | 105.402 | 102.881 | 69.225 | 48.6487 | 52.5711 
InterfModel=2 50 | 104.944 | 103.038 | 69.5708 | 49.6861 | 51.549 
InterfModel=2 51 | 105.619 | 102.43 | 69.5336 | 49.5545 | 51.6929 
InterfModel=2 52 | 105.981 | 102.544 | 69.4551 | 48.867 | 52.5829 
InterfModel=2 53 | 106.17 | 102.626 | 68.2222 | 49.1714 | 53.0408 
InterfModel=2 54 | 105.344 | 102.698 | 68.8722 | 49.273 | 52.9554 
InterfModel=2 55 | 105.624 | 103.299 | 70.232 | 49.5513 | 50.8521 
InterfModel=2 56 | 105.379 | 102.339 | 68.8151 | 49.1094 | 53.153 
InterfModel=2 57 | 108.094 | 102.919 | 68.9613 | 49.0093 | 52.392 
InterfModel=2 58 | 105.91 | 103.05 | 69.6927 | 50.0228 | 51.6726 
InterfModel=2 59 | 106.386 | 103.317 | 69.6403 | 49.0006 | 52.4416 
InterfModel=2 60 | 106.088 | 102.51 | 69.6009 | 49.9812 | 51.5017 
InterfModel=2 61 | 104.918 | 102.758 | 69.2482 | 49.3841 | 51.3199 
InterfModel=2 62 | 106.13 | 102.853 | 69.1563 | 49.0641 | 52.2147 
InterfModel=2 63 | 104.981 | 102.311 | 69.484 | 50.586 | 49.9967 
InterfModel=2 64 | 106.94 | 103.437 | 69.9226 | 50.0062 | 50.8089 
InterfModel=2 65 | 105.328 | 101.986 | 69.8167 | 49.4105 | 51.5629 
InterfModel=2 66 | 106.406 | 102.722 | 68.9861 | 50.5955 | 50.8581 
InterfModel=2 67 | 106.217 | 102.619 | 69.361 | 50.3138 | 51.1056 
InterfModel=2 68 | 105.438 | 102.821 | 69.3818 | 49.2675 | 51.3089 
InterfModel=2 69 | 105.287 | 103.052 | 69.9076 | 49.7632 | 51.418 
InterfModel=2 70 | 106.046 | 101.975 | 69.8308 | 49.015 | 52.3313 
InterfModel=2 71 | 106.57 | 103.293 | 69.4516 | 48.392 | 53.0303 
InterfModel=2 72 | 106.294 | 103.295 | 69.3819 | 50.0965 | 51.5052 
InterfModel=2 73 | 106.14 | 103.528 | 69.0868 | 49.3162 | 51.9837 
InterfModel=2 74 | 105.477 | 103.47 | 69.3093 | 49.123 | 51.7553 
InterfModel=2 75 | 106.613 | 102.618 | 69.8114 | 49.3422 | 52.0045 
InterfModel=2 76 | 104.963 | 102.766 | 69.3209 | 50.5685 | 50.5334 
InterfModel=2 77 | 106.25 | 103.082 | 69.2008 | 49.6129 | 51.2633 
InterfModel=2 78 | 106.482 | 103.257 | 69.4459 | 49.3898 | 51.9456 
InterfModel=2 79 | 105.954 | 102.96 | 69.5267 | 48.6015 | 52.1257 
InterfModel=2 80 | 105.546 | 102.913 | 69.3145 | 49.3476 | 51.728 
InterfModel=2 81 | 106.545 | 103.169 | 69.484 | 48.9674 | 52.4476 
InterfModel=2 82 | 107.725 | 103.092 | 68.9609 | 49.2425 | 52.4601 
InterfModel=2 83 | 104.054 | 102.677 | 69.6105 | 49.4556 | 51.9127 
InterfModel=2 84 | 106.627 | 102.887 | 69.6709 | 48.6524 | 52.1111 
InterfModel=2 85 | 106.279 | 102.453 | 70.2936 | 50.3078 | 51.6114 
InterfModel=2 86 | 105.947 | 102.879 | 68.8503 | 49.4226 | 51.2546 
InterfModel=2 87 | 105.505 | 103.417 | 68.77 | 48.9675 | 51.0268 
InterfModel=2 88 | 104.531 | 102.007 | 68.9636 | 49.2155 | 52.8312 
InterfModel=2 89 | 106.604 | 103.274 | 69.894 | 48.6826 | 52.3027 
InterfModel=2 90 | 107.477 | 102.4 | 69.0353 | 48.3846 | 52.2944 
InterfModel=2 91 | 106.244 | 102.13 | 69.3922 | 49.0747 | 51.4222 
InterfModel=2 92 | 107.084 | 103.482 | 69.5971 | 49.2968 | 51.5131 
InterfModel=2 93 | 105.908 | 103.277 | 69.266 | 49.4033 | 52.1666 
InterfModel=2 94 | 106.369 | 103.688 | 69.4746 | 49.7703 | 50.8657 
InterfModel=2 95 | 107.351 | 103.209 | 68.984 | 49.3172 | 51.5585 
InterfModel=2 96 | 104.717 | 102.985 | 69.522 | 49.2966 | 51.8995 
InterfModel=2 97 | 105.772 | 102.662 | 69.4962 | 49.4244 | 51.6531 
InterfModel=2 98 | 106.19 | 102.958 | 69.7436 | 50.0249 | 51.1658 
InterfModel=2 99 | 105.914 | 102.545 | 69.2428 | 48.684 | 52.3287 

