CastaliaResults -i saida.txt -s Packets reception rate -n --all -o2                                                                    

Application:Packets reception rate - total
 | index=1 | index=2 | index=3 | index=4 | index=5
InterfModel=0 | 0.948 | 0.957 | 0.953 | 0.846 | 0.82 
InterfModel=1 | 0.902 | 0.909 | 0.913 | 0.741 | 0.708 
InterfModel=2 | 0.919 | 0.958 | 0.925 | 0.789 | 0.744 
Application:Packets reception rate - all values
 | index=1 | index=2 | index=3 | index=4 | index=5
InterfModel=0 0 | 0.944648 | 0.957653 | 0.956435 | 0.857714 | 0.79984 
InterfModel=0 1 | 0.943314 | 0.952651 | 0.952656 | 0.850113 | 0.82811 
InterfModel=0 2 | 0.953651 | 0.960654 | 0.952878 | 0.834267 | 0.82451 
InterfModel=0 3 | 0.952651 | 0.965655 | 0.954434 | 0.831578 | 0.817042 
InterfModel=0 4 | 0.94865 | 0.952317 | 0.955323 | 0.852227 | 0.817018 
InterfModel=0 5 | 0.94965 | 0.953985 | 0.948878 | 0.846246 | 0.82542 
InterfModel=0 6 | 0.945315 | 0.957319 | 0.950878 | 0.84718 | 0.829311 
InterfModel=0 7 | 0.951317 | 0.95932 | 0.951989 | 0.845579 | 0.815975 
InterfModel=0 8 | 0.945982 | 0.954985 | 0.953101 | 0.854381 | 0.809575 
InterfModel=0 9 | 0.942981 | 0.958319 | 0.953767 | 0.858248 | 0.815975 
InterfModel=0 10 | 0.947983 | 0.959 | 0.954879 | 0.852494 | 0.807841 
InterfModel=0 11 | 0.948983 | 0.955985 | 0.954879 | 0.827444 | 0.844913 
InterfModel=0 12 | 0.943648 | 0.958319 | 0.956657 | 0.850647 | 0.817042 
InterfModel=0 13 | 0.94865 | 0.952984 | 0.954879 | 0.846513 | 0.824086 
InterfModel=0 14 | 0.954318 | 0.955652 | 0.955546 | 0.834511 | 0.82691 
InterfModel=0 15 | 0.949667 | 0.957653 | 0.9511 | 0.843713 | 0.819976 
InterfModel=0 16 | 0.947983 | 0.956986 | 0.958435 | 0.835423 | 0.827577 
InterfModel=0 17 | 0.94965 | 0.953651 | 0.950433 | 0.843425 | 0.819043 
InterfModel=0 18 | 0.949316 | 0.952317 | 0.955091 | 0.84638 | 0.839712 
InterfModel=0 19 | 0.950667 | 0.951984 | 0.948655 | 0.850113 | 0.829444 
InterfModel=0 20 | 0.947316 | 0.954652 | 0.949767 | 0.844892 | 0.812642 
InterfModel=0 21 | 0.945649 | 0.959987 | 0.957778 | 0.844225 | 0.815151 
InterfModel=0 22 | 0.944982 | 0.957667 | 0.951767 | 0.834133 | 0.839824 
InterfModel=0 23 | 0.95065 | 0.956319 | 0.955546 | 0.841712 | 0.819285 
InterfModel=0 24 | 0.943981 | 0.961987 | 0.951989 | 0.821843 | 0.842379 
InterfModel=0 25 | 0.949316 | 0.958986 | 0.944654 | 0.830511 | 0.837978 
InterfModel=0 26 | 0.948983 | 0.956652 | 0.951545 | 0.841179 | 0.820376 
InterfModel=0 27 | 0.947316 | 0.951 | 0.950211 | 0.849447 | 0.818909 
InterfModel=0 28 | 0.943667 | 0.958986 | 0.950656 | 0.847826 | 0.817976 
InterfModel=0 29 | 0.950317 | 0.953985 | 0.950433 | 0.832111 | 0.82771 
InterfModel=0 30 | 0.947316 | 0.95932 | 0.951989 | 0.8484 | 0.810775 
InterfModel=0 31 | 0.954985 | 0.958986 | 0.955323 | 0.853847 | 0.818376 
InterfModel=0 32 | 0.945649 | 0.958319 | 0.961102 | 0.850627 | 0.819176 
InterfModel=0 33 | 0.951984 | 0.951317 | 0.948211 | 0.835178 | 0.819309 
InterfModel=0 34 | 0.954985 | 0.956986 | 0.953323 | 0.85198 | 0.80224 
InterfModel=0 35 | 0.950984 | 0.964321 | 0.956213 | 0.823043 | 0.828244 
InterfModel=0 36 | 0.958333 | 0.959987 | 0.955323 | 0.844913 | 0.812883 
InterfModel=0 37 | 0.947649 | 0.955652 | 0.95399 | 0.84838 | 0.818109 
InterfModel=0 38 | 0.947983 | 0.960654 | 0.951322 | 0.8296 | 0.829844 
InterfModel=0 39 | 0.943314 | 0.957319 | 0.950433 | 0.85358 | 0.823843 
InterfModel=0 40 | 0.945982 | 0.95932 | 0.9511 | 0.860133 | 0.788744 
InterfModel=0 41 | 0.950984 | 0.953318 | 0.953323 | 0.87265 | 0.810216 
InterfModel=0 42 | 0.944648 | 0.95932 | 0.953545 | 0.823176 | 0.839045 
InterfModel=0 43 | 0.945982 | 0.966333 | 0.949544 | 0.867733 | 0.800907 
InterfModel=0 44 | 0.947649 | 0.951984 | 0.954222 | 0.83569 | 0.821576 
InterfModel=0 45 | 0.937979 | 0.959653 | 0.955768 | 0.843179 | 0.837178 
InterfModel=0 46 | 0.945649 | 0.958986 | 0.950656 | 0.842246 | 0.819443 
InterfModel=0 47 | 0.94098 | 0.953318 | 0.944432 | 0.84798 | 0.82411 
InterfModel=0 48 | 0.951317 | 0.949667 | 0.947766 | 0.840758 | 0.823019 
InterfModel=0 49 | 0.956986 | 0.951317 | 0.957546 | 0.841979 | 0.818776 
InterfModel=0 50 | 0.945649 | 0.956986 | 0.951545 | 0.837423 | 0.824487 
InterfModel=0 51 | 0.949316 | 0.955985 | 0.952878 | 0.867431 | 0.815151 
InterfModel=0 52 | 0.943314 | 0.963655 | 0.956222 | 0.845979 | 0.82411 
InterfModel=0 53 | 0.935667 | 0.952984 | 0.958658 | 0.860248 | 0.813308 
InterfModel=0 54 | 0.944648 | 0.953318 | 0.948433 | 0.837312 | 0.82131 
InterfModel=0 55 | 0.944982 | 0.959987 | 0.953323 | 0.845579 | 0.829044 
InterfModel=0 56 | 0.947316 | 0.96132 | 0.953101 | 0.846113 | 0.830533 
InterfModel=0 57 | 0.945649 | 0.95932 | 0.949544 | 0.843579 | 0.819843 
InterfModel=0 58 | 0.945315 | 0.956319 | 0.956667 | 0.852514 | 0.825177 
InterfModel=0 59 | 0.944982 | 0.953318 | 0.959102 | 0.848513 | 0.820752 
InterfModel=0 60 | 0.949983 | 0.958319 | 0.961992 | 0.851714 | 0.809175 
InterfModel=0 61 | 0.947649 | 0.958986 | 0.955768 | 0.847046 | 0.822486 
InterfModel=0 62 | 0.951651 | 0.954318 | 0.953101 | 0.84958 | 0.818909 
InterfModel=0 63 | 0.944333 | 0.959987 | 0.952222 | 0.850913 | 0.811308 
InterfModel=0 64 | 0.949316 | 0.957319 | 0.949544 | 0.846113 | 0.825043 
InterfModel=0 65 | 0.952651 | 0.956986 | 0.953101 | 0.8452 | 0.820909 
InterfModel=0 66 | 0.946649 | 0.956652 | 0.957556 | 0.853714 | 0.804507 
InterfModel=0 67 | 0.947983 | 0.957986 | 0.955546 | 0.842246 | 0.826377 
InterfModel=0 68 | 0.949316 | 0.957986 | 0.953323 | 0.855714 | 0.789172 
InterfModel=0 69 | 0.949316 | 0.957986 | 0.953333 | 0.849047 | 0.830777 
InterfModel=0 70 | 0.946982 | 0.956652 | 0.954879 | 0.86143 | 0.806908 
InterfModel=0 71 | 0.950317 | 0.959653 | 0.956435 | 0.844513 | 0.817576 
InterfModel=0 72 | 0.933978 | 0.952651 | 0.948878 | 0.853067 | 0.832778 
InterfModel=0 73 | 0.949983 | 0.956319 | 0.952656 | 0.849333 | 0.820619 
InterfModel=0 74 | 0.943981 | 0.956986 | 0.952878 | 0.853847 | 0.807682 
InterfModel=0 75 | 0.945315 | 0.951333 | 0.9511 | 0.85238 | 0.814509 
InterfModel=0 76 | 0.944315 | 0.958986 | 0.952434 | 0.853314 | 0.803307 
InterfModel=0 77 | 0.940647 | 0.956667 | 0.959769 | 0.850113 | 0.8176 
InterfModel=0 78 | 0.94098 | 0.957319 | 0.950667 | 0.833044 | 0.829467 
InterfModel=0 79 | 0.949316 | 0.959653 | 0.950211 | 0.852514 | 0.812108 
InterfModel=0 80 | 0.947983 | 0.956319 | 0.953323 | 0.860915 | 0.792906 
InterfModel=0 81 | 0.951651 | 0.962321 | 0.955323 | 0.844513 | 0.813708 
InterfModel=0 82 | 0.947667 | 0.957319 | 0.956879 | 0.832622 | 0.831044 
InterfModel=0 83 | 0.956319 | 0.954652 | 0.955768 | 0.836356 | 0.819309 
InterfModel=0 84 | 0.944667 | 0.964988 | 0.952212 | 0.85158 | 0.813442 
InterfModel=0 85 | 0.952651 | 0.958667 | 0.958213 | 0.846246 | 0.810616 
InterfModel=0 86 | 0.948983 | 0.958653 | 0.948211 | 0.851733 | 0.819443 
InterfModel=0 87 | 0.953985 | 0.958667 | 0.954879 | 0.830355 | 0.819176 
InterfModel=0 88 | 0.939313 | 0.959653 | 0.951767 | 0.85318 | 0.809549 
InterfModel=0 89 | 0.950317 | 0.954318 | 0.952444 | 0.847067 | 0.818267 
InterfModel=0 90 | 0.946982 | 0.956652 | 0.956879 | 0.834778 | 0.821976 
InterfModel=0 91 | 0.950984 | 0.953318 | 0.9491 | 0.851027 | 0.814242 
InterfModel=0 92 | 0.947649 | 0.957 | 0.947766 | 0.853314 | 0.823843 
InterfModel=0 93 | 0.950984 | 0.958986 | 0.953101 | 0.845292 | 0.821576 
InterfModel=0 94 | 0.946982 | 0.950317 | 0.951767 | 0.854514 | 0.829977 
InterfModel=0 95 | 0.951651 | 0.957653 | 0.962436 | 0.845979 | 0.817442 
InterfModel=0 96 | 0.946333 | 0.96132 | 0.953323 | 0.829977 | 0.82771 
InterfModel=0 97 | 0.951984 | 0.958319 | 0.95399 | 0.841579 | 0.830911 
InterfModel=0 98 | 0.945333 | 0.957 | 0.955323 | 0.837823 | 0.824086 
InterfModel=0 99 | 0.947649 | 0.952651 | 0.952878 | 0.848913 | 0.832489 
InterfModel=1 0 | 0.896966 | 0.904301 | 0.915537 | 0.732098 | 0.702987 
InterfModel=1 1 | 0.897966 | 0.904635 | 0.915314 | 0.758069 | 0.690851 
InterfModel=1 2 | 0.896667 | 0.900967 | 0.913314 | 0.758101 | 0.693426 
InterfModel=1 3 | 0.901634 | 0.904301 | 0.909313 | 0.733396 | 0.711028 
InterfModel=1 4 | 0.894333 | 0.906636 | 0.907313 | 0.748766 | 0.704321 
InterfModel=1 5 | 0.8993 | 0.905969 | 0.915314 | 0.742198 | 0.706894 
InterfModel=1 6 | 0.9013 | 0.898333 | 0.913092 | 0.743333 | 0.704361 
InterfModel=1 7 | 0.905969 | 0.906969 | 0.909091 | 0.736098 | 0.724497 
InterfModel=1 8 | 0.897633 | 0.910637 | 0.908646 | 0.73913 | 0.72263 
InterfModel=1 9 | 0.9003 | 0.905635 | 0.913536 | 0.734765 | 0.692359 
InterfModel=1 10 | 0.900967 | 0.914305 | 0.90998 | 0.73833 | 0.707028 
InterfModel=1 11 | 0.905302 | 0.902968 | 0.90798 | 0.734996 | 0.706494 
InterfModel=1 12 | 0.898633 | 0.910637 | 0.909091 | 0.753034 | 0.697293 
InterfModel=1 13 | 0.897633 | 0.898966 | 0.913536 | 0.734596 | 0.709828 
InterfModel=1 14 | 0.898633 | 0.911971 | 0.916648 | 0.730897 | 0.709961 
InterfModel=1 15 | 0.896632 | 0.913638 | 0.907535 | 0.7469 | 0.70316 
InterfModel=1 16 | 0.897299 | 0.911971 | 0.921316 | 0.736765 | 0.705255 
InterfModel=1 17 | 0.906969 | 0.912304 | 0.912647 | 0.755167 | 0.708494 
InterfModel=1 18 | 0.896299 | 0.906969 | 0.92465 | 0.727964 | 0.711562 
InterfModel=1 19 | 0.907302 | 0.908303 | 0.915092 | 0.73873 | 0.721392 
InterfModel=1 20 | 0.900967 | 0.904667 | 0.91487 | 0.742232 | 0.702094 
InterfModel=1 21 | 0.896632 | 0.902968 | 0.914425 | 0.725794 | 0.724763 
InterfModel=1 22 | 0.903301 | 0.900333 | 0.910889 | 0.766636 | 0.69 
InterfModel=1 23 | 0.894632 | 0.90897 | 0.908869 | 0.72423 | 0.72623 
InterfModel=1 24 | 0.901967 | 0.919973 | 0.91198 | 0.744233 | 0.69876 
InterfModel=1 25 | 0.904968 | 0.903968 | 0.905979 | 0.736765 | 0.705788 
InterfModel=1 26 | 0.903635 | 0.911637 | 0.919982 | 0.751967 | 0.701027 
InterfModel=1 27 | 0.903635 | 0.9003 | 0.909535 | 0.754133 | 0.712933 
InterfModel=1 28 | 0.9003 | 0.914972 | 0.914425 | 0.727164 | 0.723393 
InterfModel=1 29 | 0.9003 | 0.90997 | 0.921983 | 0.758501 | 0.697693 
InterfModel=1 30 | 0.9013 | 0.907667 | 0.912647 | 0.741398 | 0.720363 
InterfModel=1 31 | 0.906 | 0.90897 | 0.906868 | 0.745299 | 0.706188 
InterfModel=1 32 | 0.902634 | 0.903301 | 0.908869 | 0.730764 | 0.714133 
InterfModel=1 33 | 0.9003 | 0.913304 | 0.917093 | 0.752234 | 0.707428 
InterfModel=1 34 | 0.903301 | 0.903635 | 0.913759 | 0.744366 | 0.69996 
InterfModel=1 35 | 0.895965 | 0.906969 | 0.910425 | 0.749133 | 0.712895 
InterfModel=1 36 | 0.900967 | 0.904968 | 0.920427 | 0.72823 | 0.719429 
InterfModel=1 37 | 0.901634 | 0.916639 | 0.912647 | 0.738765 | 0.713467 
InterfModel=1 38 | 0.901634 | 0.912638 | 0.914648 | 0.746999 | 0.708094 
InterfModel=1 39 | 0.902968 | 0.915639 | 0.911758 | 0.736232 | 0.704667 
InterfModel=1 40 | 0.902301 | 0.912971 | 0.91 | 0.749433 | 0.703427 
InterfModel=1 41 | 0.904635 | 0.906969 | 0.910222 | 0.734231 | 0.709961 
InterfModel=1 42 | 0.889963 | 0.911637 | 0.912425 | 0.7336 | 0.730461 
InterfModel=1 43 | 0.896966 | 0.909303 | 0.907535 | 0.7469 | 0.708761 
InterfModel=1 44 | 0.896632 | 0.901634 | 0.920427 | 0.749433 | 0.697026 
InterfModel=1 45 | 0.907969 | 0.910637 | 0.914648 | 0.737263 | 0.718896 
InterfModel=1 46 | 0.900967 | 0.908303 | 0.910425 | 0.730231 | 0.714724 
InterfModel=1 47 | 0.899633 | 0.913971 | 0.903778 | 0.746199 | 0.709428 
InterfModel=1 48 | 0.904635 | 0.909303 | 0.921538 | 0.735031 | 0.70276 
InterfModel=1 49 | 0.900333 | 0.913304 | 0.914203 | 0.742632 | 0.715695 
InterfModel=1 50 | 0.903968 | 0.905 | 0.906667 | 0.743432 | 0.715029 
InterfModel=1 51 | 0.904635 | 0.909 | 0.915759 | 0.745433 | 0.70356 
InterfModel=1 52 | 0.911304 | 0.906636 | 0.913759 | 0.735031 | 0.705961 
InterfModel=1 53 | 0.903968 | 0.915972 | 0.911778 | 0.735298 | 0.706361 
InterfModel=1 54 | 0.90897 | 0.912304 | 0.914 | 0.744633 | 0.712933 
InterfModel=1 55 | 0.904968 | 0.919333 | 0.919093 | 0.738498 | 0.717962 
InterfModel=1 56 | 0.899967 | 0.907969 | 0.911536 | 0.738232 | 0.719296 
InterfModel=1 57 | 0.907636 | 0.899967 | 0.913981 | 0.741131 | 0.701827 
InterfModel=1 58 | 0.909303 | 0.9003 | 0.915759 | 0.740899 | 0.700854 
InterfModel=1 59 | 0.91097 | 0.91097 | 0.918871 | 0.734729 | 0.710495 
InterfModel=1 60 | 0.90897 | 0.906302 | 0.908202 | 0.749967 | 0.704227 
InterfModel=1 61 | 0.896632 | 0.899633 | 0.915778 | 0.731564 | 0.697693 
InterfModel=1 62 | 0.904301 | 0.915305 | 0.919538 | 0.743067 | 0.707694 
InterfModel=1 63 | 0.903635 | 0.914972 | 0.911758 | 0.723926 | 0.721259 
InterfModel=1 64 | 0.903301 | 0.909637 | 0.917093 | 0.7481 | 0.714229 
InterfModel=1 65 | 0.90897 | 0.907302 | 0.918649 | 0.740099 | 0.697693 
InterfModel=1 66 | 0.902 | 0.907302 | 0.915981 | 0.730764 | 0.710361 
InterfModel=1 67 | 0.891964 | 0.902968 | 0.909778 | 0.742899 | 0.713962 
InterfModel=1 68 | 0.893631 | 0.917306 | 0.903756 | 0.733529 | 0.706894 
InterfModel=1 69 | 0.898299 | 0.910333 | 0.921538 | 0.744366 | 0.70276 
InterfModel=1 70 | 0.898966 | 0.913667 | 0.915759 | 0.738063 | 0.712362 
InterfModel=1 71 | 0.905635 | 0.905635 | 0.91976 | 0.761302 | 0.692359 
InterfModel=1 72 | 0.893965 | 0.913304 | 0.909535 | 0.748233 | 0.70356 
InterfModel=1 73 | 0.896966 | 0.908303 | 0.915537 | 0.735698 | 0.708189 
InterfModel=1 74 | 0.902634 | 0.905302 | 0.917982 | 0.7316 | 0.720133 
InterfModel=1 75 | 0.900967 | 0.903635 | 0.909778 | 0.752367 | 0.704988 
InterfModel=1 76 | 0.894632 | 0.908636 | 0.90998 | 0.740464 | 0.719029 
InterfModel=1 77 | 0.890964 | 0.909667 | 0.914425 | 0.72783 | 0.719829 
InterfModel=1 78 | 0.909637 | 0.902634 | 0.906424 | 0.7517 | 0.703027 
InterfModel=1 79 | 0.906969 | 0.904635 | 0.911536 | 0.737032 | 0.712095 
InterfModel=1 80 | 0.896966 | 0.905635 | 0.922632 | 0.747566 | 0.702094 
InterfModel=1 81 | 0.904301 | 0.91 | 0.91287 | 0.739531 | 0.699293 
InterfModel=1 82 | 0.898299 | 0.907636 | 0.913759 | 0.739867 | 0.702854 
InterfModel=1 83 | 0.897633 | 0.915972 | 0.910444 | 0.733431 | 0.709828 
InterfModel=1 84 | 0.898299 | 0.914305 | 0.918204 | 0.7494 | 0.70156 
InterfModel=1 85 | 0.902333 | 0.918973 | 0.911758 | 0.729431 | 0.70236 
InterfModel=1 86 | 0.902634 | 0.907636 | 0.915759 | 0.738232 | 0.714895 
InterfModel=1 87 | 0.902634 | 0.901967 | 0.903513 | 0.72646 | 0.721296 
InterfModel=1 88 | 0.899633 | 0.917973 | 0.922872 | 0.740365 | 0.702227 
InterfModel=1 89 | 0.905635 | 0.913638 | 0.913536 | 0.740667 | 0.697119 
InterfModel=1 90 | 0.90997 | 0.917306 | 0.915537 | 0.733965 | 0.702054 
InterfModel=1 91 | 0.906636 | 0.91097 | 0.908869 | 0.733965 | 0.726364 
InterfModel=1 92 | 0.905969 | 0.902301 | 0.918426 | 0.753034 | 0.693693 
InterfModel=1 93 | 0.900634 | 0.910333 | 0.911091 | 0.736196 | 0.707028 
InterfModel=1 94 | 0.893631 | 0.905635 | 0.90709 | 0.736498 | 0.715162 
InterfModel=1 95 | 0.905302 | 0.903968 | 0.910667 | 0.733262 | 0.721563 
InterfModel=1 96 | 0.91 | 0.902968 | 0.910425 | 0.752467 | 0.694893 
InterfModel=1 97 | 0.909303 | 0.912638 | 0.908202 | 0.716324 | 0.729564 
InterfModel=1 98 | 0.894632 | 0.909303 | 0.907778 | 0.744065 | 0.700493 
InterfModel=1 99 | 0.902634 | 0.903635 | 0.912222 | 0.757968 | 0.69676 
InterfModel=2 0 | 0.91964 | 0.959987 | 0.925539 | 0.797573 | 0.735529 
InterfModel=2 1 | 0.918973 | 0.957986 | 0.925761 | 0.787972 | 0.744065 
InterfModel=2 2 | 0.920974 | 0.958653 | 0.921778 | 0.79864 | 0.743699 
InterfModel=2 3 | 0.914972 | 0.957319 | 0.924428 | 0.794 | 0.741299 
InterfModel=2 4 | 0.915972 | 0.956652 | 0.926206 | 0.787305 | 0.753567 
InterfModel=2 5 | 0.932311 | 0.955652 | 0.919315 | 0.780208 | 0.751834 
InterfModel=2 6 | 0.923975 | 0.954985 | 0.922872 | 0.783705 | 0.752367 
InterfModel=2 7 | 0.914305 | 0.960333 | 0.924444 | 0.789677 | 0.741032 
InterfModel=2 8 | 0.921974 | 0.962654 | 0.925761 | 0.809308 | 0.72703 
InterfModel=2 9 | 0.917667 | 0.958653 | 0.919982 | 0.786238 | 0.740899 
InterfModel=2 10 | 0.918306 | 0.95065 | 0.927984 | 0.784505 | 0.756768 
InterfModel=2 11 | 0.918973 | 0.957319 | 0.927317 | 0.812642 | 0.714629 
InterfModel=2 12 | 0.924308 | 0.956986 | 0.932207 | 0.789305 | 0.736632 
InterfModel=2 13 | 0.916667 | 0.951984 | 0.923761 | 0.802107 | 0.741832 
InterfModel=2 14 | 0.916305 | 0.953318 | 0.928206 | 0.773036 | 0.767169 
InterfModel=2 15 | 0.91864 | 0.96132 | 0.921538 | 0.789544 | 0.740765 
InterfModel=2 16 | 0.923641 | 0.96032 | 0.925984 | 0.808108 | 0.72223 
InterfModel=2 17 | 0.91864 | 0.959987 | 0.93 | 0.77597 | 0.751834 
InterfModel=2 18 | 0.917306 | 0.959987 | 0.93154 | 0.771169 | 0.757568 
InterfModel=2 19 | 0.913638 | 0.954652 | 0.923761 | 0.782104 | 0.759701 
InterfModel=2 20 | 0.914638 | 0.960654 | 0.916648 | 0.799573 | 0.732462 
InterfModel=2 21 | 0.923308 | 0.955985 | 0.930207 | 0.779067 | 0.752234 
InterfModel=2 22 | 0.916667 | 0.959987 | 0.927984 | 0.768872 | 0.750734 
InterfModel=2 23 | 0.922307 | 0.962321 | 0.922427 | 0.793973 | 0.730364 
InterfModel=2 24 | 0.91964 | 0.957653 | 0.934652 | 0.773006 | 0.754468 
InterfModel=2 25 | 0.913304 | 0.957653 | 0.919093 | 0.791544 | 0.741931 
InterfModel=2 26 | 0.925975 | 0.960987 | 0.918649 | 0.793545 | 0.739299 
InterfModel=2 27 | 0.916972 | 0.954652 | 0.928206 | 0.7996 | 0.739699 
InterfModel=2 28 | 0.919306 | 0.960667 | 0.924428 | 0.775703 | 0.759002 
InterfModel=2 29 | 0.914305 | 0.94965 | 0.925317 | 0.813842 | 0.719029 
InterfModel=2 30 | 0.92064 | 0.957986 | 0.929318 | 0.792506 | 0.757434 
InterfModel=2 31 | 0.917973 | 0.958986 | 0.925556 | 0.795706 | 0.735965 
InterfModel=2 32 | 0.918306 | 0.953667 | 0.923556 | 0.798907 | 0.754901 
InterfModel=2 33 | 0.917973 | 0.956652 | 0.923539 | 0.777037 | 0.747566 
InterfModel=2 34 | 0.917306 | 0.957653 | 0.924428 | 0.786905 | 0.7477 
InterfModel=2 35 | 0.926642 | 0.960987 | 0.922205 | 0.785038 | 0.741299 
InterfModel=2 36 | 0.919973 | 0.956986 | 0.924872 | 0.798106 | 0.741131 
InterfModel=2 37 | 0.918306 | 0.956319 | 0.92176 | 0.806508 | 0.734729 
InterfModel=2 38 | 0.924975 | 0.956 | 0.928429 | 0.775303 | 0.749433 
InterfModel=2 39 | 0.927309 | 0.95932 | 0.922667 | 0.793172 | 0.730667 
InterfModel=2 40 | 0.91864 | 0.954985 | 0.923316 | 0.779704 | 0.747166 
InterfModel=2 41 | 0.918973 | 0.951984 | 0.929984 | 0.78661 | 0.746233 
InterfModel=2 42 | 0.919973 | 0.962333 | 0.925317 | 0.790105 | 0.744233 
InterfModel=2 43 | 0.922974 | 0.959653 | 0.927095 | 0.791706 | 0.738365 
InterfModel=2 44 | 0.922307 | 0.962988 | 0.922427 | 0.784105 | 0.744633 
InterfModel=2 45 | 0.915639 | 0.955985 | 0.928651 | 0.777141 | 0.751134 
InterfModel=2 46 | 0.916972 | 0.954985 | 0.927762 | 0.765569 | 0.765137 
InterfModel=2 47 | 0.924975 | 0.95932 | 0.92265 | 0.786505 | 0.740667 
InterfModel=2 48 | 0.922641 | 0.955985 | 0.921538 | 0.783171 | 0.745399 
InterfModel=2 49 | 0.922 | 0.957986 | 0.927539 | 0.79944 | 0.734631 
InterfModel=2 50 | 0.92064 | 0.956333 | 0.91976 | 0.782371 | 0.746866 
InterfModel=2 51 | 0.91964 | 0.962988 | 0.922205 | 0.790505 | 0.744899 
InterfModel=2 52 | 0.923667 | 0.959653 | 0.92176 | 0.799173 | 0.733431 
InterfModel=2 53 | 0.914638 | 0.960987 | 0.932207 | 0.788638 | 0.727964 
InterfModel=2 54 | 0.922974 | 0.96132 | 0.932429 | 0.793839 | 0.723296 
InterfModel=2 55 | 0.917639 | 0.954652 | 0.920204 | 0.784238 | 0.756501 
InterfModel=2 56 | 0.918973 | 0.961987 | 0.924872 | 0.794078 | 0.723163 
InterfModel=2 57 | 0.904301 | 0.958667 | 0.925778 | 0.795173 | 0.732062 
InterfModel=2 58 | 0.920307 | 0.956986 | 0.924205 | 0.778771 | 0.7498 
InterfModel=2 59 | 0.916639 | 0.953667 | 0.923539 | 0.797573 | 0.739397 
InterfModel=2 60 | 0.915972 | 0.95932 | 0.917537 | 0.778267 | 0.751967 
InterfModel=2 61 | 0.920974 | 0.959987 | 0.916 | 0.788638 | 0.7485 
InterfModel=2 62 | 0.918973 | 0.957986 | 0.930429 | 0.791572 | 0.7352 
InterfModel=2 63 | 0.925667 | 0.961 | 0.925094 | 0.769169 | 0.77277 
InterfModel=2 64 | 0.915972 | 0.953318 | 0.930429 | 0.776103 | 0.761937 
InterfModel=2 65 | 0.924667 | 0.965989 | 0.922205 | 0.789305 | 0.748733 
InterfModel=2 66 | 0.913971 | 0.96032 | 0.924872 | 0.7656 | 0.758469 
InterfModel=2 67 | 0.916333 | 0.961987 | 0.925984 | 0.77797 | 0.757034 
InterfModel=2 68 | 0.919306 | 0.957653 | 0.923539 | 0.789972 | 0.7477 
InterfModel=2 69 | 0.927309 | 0.956319 | 0.92465 | 0.782771 | 0.7509 
InterfModel=2 70 | 0.916639 | 0.966989 | 0.919093 | 0.795706 | 0.738498 
InterfModel=2 71 | 0.917306 | 0.953651 | 0.927984 | 0.806133 | 0.728764 
InterfModel=2 72 | 0.922641 | 0.954667 | 0.919556 | 0.779704 | 0.753034 
InterfModel=2 73 | 0.913971 | 0.953985 | 0.928651 | 0.787572 | 0.739965 
InterfModel=2 74 | 0.924642 | 0.954985 | 0.927095 | 0.793839 | 0.741832 
InterfModel=2 75 | 0.92064 | 0.959653 | 0.920204 | 0.791706 | 0.738098 
InterfModel=2 76 | 0.927643 | 0.959987 | 0.92176 | 0.770739 | 0.763969 
InterfModel=2 77 | 0.915305 | 0.956986 | 0.928873 | 0.785838 | 0.7505 
InterfModel=2 78 | 0.91964 | 0.956319 | 0.924872 | 0.788238 | 0.743166 
InterfModel=2 79 | 0.918306 | 0.957653 | 0.91976 | 0.797173 | 0.738267 
InterfModel=2 80 | 0.920307 | 0.958653 | 0.925317 | 0.791067 | 0.747399 
InterfModel=2 81 | 0.916972 | 0.956986 | 0.92665 | 0.796879 | 0.737965 
InterfModel=2 82 | 0.911304 | 0.958319 | 0.930651 | 0.791439 | 0.731831 
InterfModel=2 83 | 0.931644 | 0.958319 | 0.923094 | 0.787705 | 0.744366 
InterfModel=2 84 | 0.914638 | 0.959653 | 0.922444 | 0.802081 | 0.736632 
InterfModel=2 85 | 0.918306 | 0.961654 | 0.917759 | 0.77634 | 0.750367 
InterfModel=2 86 | 0.919306 | 0.956986 | 0.928651 | 0.787943 | 0.7501 
InterfModel=2 87 | 0.922307 | 0.954318 | 0.923983 | 0.792506 | 0.758602 
InterfModel=2 88 | 0.926309 | 0.965989 | 0.930651 | 0.791305 | 0.732862 
InterfModel=2 89 | 0.914972 | 0.954985 | 0.921983 | 0.793867 | 0.739264 
InterfModel=2 90 | 0.909303 | 0.962654 | 0.927984 | 0.807308 | 0.735298 
InterfModel=2 91 | 0.912 | 0.964667 | 0.923983 | 0.790905 | 0.747966 
InterfModel=2 92 | 0.90997 | 0.950984 | 0.924872 | 0.788372 | 0.7517 
InterfModel=2 93 | 0.922641 | 0.956652 | 0.926428 | 0.791706 | 0.738667 
InterfModel=2 94 | 0.91864 | 0.95065 | 0.919538 | 0.781704 | 0.758234 
InterfModel=2 95 | 0.914305 | 0.956652 | 0.928206 | 0.788133 | 0.746766 
InterfModel=2 96 | 0.925308 | 0.956986 | 0.923539 | 0.788905 | 0.746066 
InterfModel=2 97 | 0.923308 | 0.959987 | 0.923539 | 0.780267 | 0.751967 
InterfModel=2 98 | 0.914638 | 0.956986 | 0.922872 | 0.781304 | 0.757434 
InterfModel=2 99 | 0.922974 | 0.962988 | 0.926206 | 0.798907 | 0.733164 

