CastaliaResults -i saida.txt -s Packets received per node -n --all -o2                                                                       

Application:Packets received per node
 | index=1 | index=2 | index=3 | index=4 | index=5
InterfModel=0 | 2842.37 | 2870.4 | 4289.01 | 6343.22 | 6148.6 
InterfModel=1 | 2703.8 | 2724.9 | 4108.41 | 5554.05 | 5312.37 
InterfModel=2 | 2757.14 | 2873.19 | 4160.88 | 5913.98 | 5582.22 
Application:Packets received per node - all values
 | index=1 | index=2 | index=3 | index=4 | index=5
InterfModel=0 0 | 2833 | 2872 | 4303 | 6432 | 5998 
InterfModel=0 1 | 2829 | 2857 | 4286 | 6375 | 6210 
InterfModel=0 2 | 2860 | 2881 | 4287 | 6257 | 6183 
InterfModel=0 3 | 2857 | 2896 | 4294 | 6236 | 6127 
InterfModel=0 4 | 2845 | 2856 | 4298 | 6390 | 6126 
InterfModel=0 5 | 2848 | 2861 | 4269 | 6346 | 6189 
InterfModel=0 6 | 2835 | 2871 | 4278 | 6353 | 6219 
InterfModel=0 7 | 2853 | 2877 | 4283 | 6341 | 6119 
InterfModel=0 8 | 2837 | 2864 | 4288 | 6407 | 6071 
InterfModel=0 9 | 2828 | 2874 | 4291 | 6436 | 6119 
InterfModel=0 10 | 2843 | 2877 | 4296 | 6392 | 6058 
InterfModel=0 11 | 2846 | 2867 | 4296 | 6205 | 6336 
InterfModel=0 12 | 2830 | 2874 | 4304 | 6379 | 6127 
InterfModel=0 13 | 2845 | 2858 | 4296 | 6348 | 6179 
InterfModel=0 14 | 2862 | 2866 | 4299 | 6258 | 6201 
InterfModel=0 15 | 2849 | 2872 | 4279 | 6327 | 6149 
InterfModel=0 16 | 2843 | 2870 | 4312 | 6264 | 6206 
InterfModel=0 17 | 2848 | 2860 | 4276 | 6324 | 6142 
InterfModel=0 18 | 2847 | 2856 | 4296 | 6347 | 6297 
InterfModel=0 19 | 2852 | 2855 | 4268 | 6375 | 6220 
InterfModel=0 20 | 2841 | 2863 | 4273 | 6335 | 6094 
InterfModel=0 21 | 2836 | 2879 | 4310 | 6330 | 6112 
InterfModel=0 22 | 2834 | 2873 | 4282 | 6256 | 6297 
InterfModel=0 23 | 2851 | 2868 | 4299 | 6312 | 6143 
InterfModel=0 24 | 2831 | 2885 | 4283 | 6163 | 6317 
InterfModel=0 25 | 2847 | 2876 | 4250 | 6228 | 6284 
InterfModel=0 26 | 2846 | 2869 | 4281 | 6308 | 6152 
InterfModel=0 27 | 2841 | 2853 | 4275 | 6370 | 6141 
InterfModel=0 28 | 2831 | 2876 | 4277 | 6357 | 6134 
InterfModel=0 29 | 2850 | 2861 | 4276 | 6240 | 6207 
InterfModel=0 30 | 2841 | 2877 | 4283 | 6363 | 6080 
InterfModel=0 31 | 2864 | 2876 | 4298 | 6403 | 6137 
InterfModel=0 32 | 2836 | 2874 | 4324 | 6378 | 6143 
InterfModel=0 33 | 2855 | 2853 | 4266 | 6263 | 6144 
InterfModel=0 34 | 2864 | 2870 | 4289 | 6389 | 6016 
InterfModel=0 35 | 2852 | 2892 | 4302 | 6172 | 6211 
InterfModel=0 36 | 2875 | 2879 | 4298 | 6336 | 6095 
InterfModel=0 37 | 2842 | 2866 | 4292 | 6362 | 6135 
InterfModel=0 38 | 2843 | 2881 | 4280 | 6222 | 6223 
InterfModel=0 39 | 2829 | 2871 | 4276 | 6401 | 6178 
InterfModel=0 40 | 2837 | 2877 | 4279 | 6451 | 5914 
InterfModel=0 41 | 2852 | 2859 | 4289 | 6544 | 6075 
InterfModel=0 42 | 2833 | 2877 | 4290 | 6173 | 6292 
InterfModel=0 43 | 2837 | 2899 | 4272 | 6508 | 6006 
InterfModel=0 44 | 2842 | 2855 | 4294 | 6266 | 6161 
InterfModel=0 45 | 2813 | 2878 | 4300 | 6323 | 6278 
InterfModel=0 46 | 2836 | 2876 | 4277 | 6316 | 6145 
InterfModel=0 47 | 2822 | 2859 | 4249 | 6359 | 6180 
InterfModel=0 48 | 2853 | 2849 | 4264 | 6304 | 6171 
InterfModel=0 49 | 2870 | 2853 | 4308 | 6314 | 6140 
InterfModel=0 50 | 2836 | 2870 | 4281 | 6279 | 6182 
InterfModel=0 51 | 2847 | 2867 | 4287 | 6504 | 6112 
InterfModel=0 52 | 2829 | 2890 | 4303 | 6344 | 6180 
InterfModel=0 53 | 2807 | 2858 | 4313 | 6451 | 6099 
InterfModel=0 54 | 2833 | 2859 | 4267 | 6279 | 6159 
InterfModel=0 55 | 2834 | 2879 | 4289 | 6341 | 6217 
InterfModel=0 56 | 2841 | 2883 | 4288 | 6345 | 6229 
InterfModel=0 57 | 2836 | 2877 | 4272 | 6326 | 6148 
InterfModel=0 58 | 2835 | 2868 | 4305 | 6393 | 6188 
InterfModel=0 59 | 2834 | 2859 | 4315 | 6363 | 6154 
InterfModel=0 60 | 2849 | 2874 | 4328 | 6387 | 6068 
InterfModel=0 61 | 2842 | 2876 | 4300 | 6352 | 6167 
InterfModel=0 62 | 2854 | 2862 | 4288 | 6371 | 6141 
InterfModel=0 63 | 2833 | 2879 | 4285 | 6381 | 6084 
InterfModel=0 64 | 2847 | 2871 | 4272 | 6345 | 6187 
InterfModel=0 65 | 2857 | 2870 | 4288 | 6339 | 6156 
InterfModel=0 66 | 2839 | 2869 | 4309 | 6402 | 6033 
InterfModel=0 67 | 2843 | 2873 | 4299 | 6316 | 6197 
InterfModel=0 68 | 2847 | 2873 | 4289 | 6417 | 5918 
InterfModel=0 69 | 2847 | 2873 | 4290 | 6367 | 6230 
InterfModel=0 70 | 2840 | 2869 | 4296 | 6459 | 6051 
InterfModel=0 71 | 2850 | 2878 | 4303 | 6333 | 6131 
InterfModel=0 72 | 2801 | 2857 | 4269 | 6398 | 6245 
InterfModel=0 73 | 2849 | 2868 | 4286 | 6370 | 6153 
InterfModel=0 74 | 2831 | 2870 | 4287 | 6403 | 6056 
InterfModel=0 75 | 2835 | 2854 | 4279 | 6392 | 6108 
InterfModel=0 76 | 2832 | 2876 | 4285 | 6399 | 6024 
InterfModel=0 77 | 2821 | 2870 | 4318 | 6375 | 6132 
InterfModel=0 78 | 2822 | 2871 | 4278 | 6247 | 6221 
InterfModel=0 79 | 2847 | 2878 | 4275 | 6393 | 6090 
InterfModel=0 80 | 2843 | 2868 | 4289 | 6456 | 5946 
InterfModel=0 81 | 2854 | 2886 | 4298 | 6333 | 6102 
InterfModel=0 82 | 2843 | 2871 | 4305 | 6243 | 6232 
InterfModel=0 83 | 2868 | 2863 | 4300 | 6271 | 6144 
InterfModel=0 84 | 2834 | 2894 | 4284 | 6386 | 6100 
InterfModel=0 85 | 2857 | 2876 | 4311 | 6346 | 6078 
InterfModel=0 86 | 2846 | 2875 | 4266 | 6388 | 6145 
InterfModel=0 87 | 2861 | 2876 | 4296 | 6226 | 6143 
InterfModel=0 88 | 2817 | 2878 | 4282 | 6398 | 6070 
InterfModel=0 89 | 2850 | 2862 | 4286 | 6353 | 6137 
InterfModel=0 90 | 2840 | 2869 | 4305 | 6260 | 6164 
InterfModel=0 91 | 2852 | 2859 | 4270 | 6381 | 6106 
InterfModel=0 92 | 2842 | 2871 | 4264 | 6399 | 6178 
InterfModel=0 93 | 2852 | 2876 | 4288 | 6338 | 6161 
InterfModel=0 94 | 2840 | 2850 | 4282 | 6408 | 6224 
InterfModel=0 95 | 2854 | 2872 | 4330 | 6344 | 6130 
InterfModel=0 96 | 2839 | 2883 | 4289 | 6224 | 6207 
InterfModel=0 97 | 2855 | 2874 | 4292 | 6311 | 6231 
InterfModel=0 98 | 2836 | 2871 | 4298 | 6282 | 6179 
InterfModel=0 99 | 2842 | 2857 | 4287 | 6366 | 6242 
InterfModel=1 0 | 2690 | 2712 | 4119 | 5490 | 5271 
InterfModel=1 1 | 2693 | 2713 | 4118 | 5684 | 5180 
InterfModel=1 2 | 2690 | 2702 | 4109 | 5685 | 5200 
InterfModel=1 3 | 2704 | 2712 | 4091 | 5499 | 5332 
InterfModel=1 4 | 2683 | 2719 | 4082 | 5615 | 5281 
InterfModel=1 5 | 2697 | 2717 | 4118 | 5565 | 5301 
InterfModel=1 6 | 2703 | 2695 | 4108 | 5575 | 5282 
InterfModel=1 7 | 2717 | 2720 | 4090 | 5520 | 5433 
InterfModel=1 8 | 2692 | 2731 | 4088 | 5542 | 5419 
InterfModel=1 9 | 2700 | 2716 | 4110 | 5510 | 5192 
InterfModel=1 10 | 2702 | 2742 | 4094 | 5536 | 5302 
InterfModel=1 11 | 2715 | 2708 | 4085 | 5511 | 5298 
InterfModel=1 12 | 2695 | 2731 | 4090 | 5647 | 5229 
InterfModel=1 13 | 2692 | 2696 | 4110 | 5508 | 5323 
InterfModel=1 14 | 2695 | 2735 | 4124 | 5481 | 5324 
InterfModel=1 15 | 2689 | 2740 | 4083 | 5601 | 5273 
InterfModel=1 16 | 2691 | 2735 | 4145 | 5525 | 5288 
InterfModel=1 17 | 2720 | 2736 | 4106 | 5663 | 5313 
InterfModel=1 18 | 2688 | 2720 | 4160 | 5459 | 5336 
InterfModel=1 19 | 2721 | 2724 | 4117 | 5539 | 5409 
InterfModel=1 20 | 2702 | 2714 | 4116 | 5566 | 5265 
InterfModel=1 21 | 2689 | 2708 | 4114 | 5442 | 5435 
InterfModel=1 22 | 2709 | 2701 | 4099 | 5749 | 5175 
InterfModel=1 23 | 2683 | 2726 | 4089 | 5431 | 5446 
InterfModel=1 24 | 2705 | 2759 | 4103 | 5581 | 5240 
InterfModel=1 25 | 2714 | 2711 | 4076 | 5525 | 5292 
InterfModel=1 26 | 2710 | 2734 | 4139 | 5639 | 5257 
InterfModel=1 27 | 2710 | 2700 | 4092 | 5656 | 5347 
InterfModel=1 28 | 2700 | 2744 | 4114 | 5453 | 5424 
InterfModel=1 29 | 2700 | 2729 | 4148 | 5688 | 5232 
InterfModel=1 30 | 2703 | 2723 | 4106 | 5559 | 5402 
InterfModel=1 31 | 2718 | 2726 | 4080 | 5589 | 5295 
InterfModel=1 32 | 2707 | 2709 | 4089 | 5480 | 5356 
InterfModel=1 33 | 2700 | 2739 | 4126 | 5641 | 5305 
InterfModel=1 34 | 2709 | 2710 | 4111 | 5582 | 5249 
InterfModel=1 35 | 2687 | 2720 | 4096 | 5617 | 5346 
InterfModel=1 36 | 2702 | 2714 | 4141 | 5461 | 5395 
InterfModel=1 37 | 2704 | 2749 | 4106 | 5540 | 5351 
InterfModel=1 38 | 2704 | 2737 | 4115 | 5601 | 5310 
InterfModel=1 39 | 2708 | 2746 | 4102 | 5521 | 5285 
InterfModel=1 40 | 2706 | 2738 | 4095 | 5620 | 5275 
InterfModel=1 41 | 2713 | 2720 | 4096 | 5506 | 5324 
InterfModel=1 42 | 2669 | 2734 | 4105 | 5502 | 5477 
InterfModel=1 43 | 2690 | 2727 | 4083 | 5601 | 5315 
InterfModel=1 44 | 2689 | 2704 | 4141 | 5620 | 5227 
InterfModel=1 45 | 2723 | 2731 | 4115 | 5528 | 5391 
InterfModel=1 46 | 2702 | 2724 | 4096 | 5476 | 5359 
InterfModel=1 47 | 2698 | 2741 | 4067 | 5595 | 5320 
InterfModel=1 48 | 2713 | 2727 | 4146 | 5512 | 5270 
InterfModel=1 49 | 2701 | 2739 | 4113 | 5569 | 5367 
InterfModel=1 50 | 2711 | 2715 | 4080 | 5575 | 5362 
InterfModel=1 51 | 2713 | 2727 | 4120 | 5590 | 5276 
InterfModel=1 52 | 2733 | 2719 | 4111 | 5512 | 5294 
InterfModel=1 53 | 2711 | 2747 | 4103 | 5514 | 5297 
InterfModel=1 54 | 2726 | 2736 | 4113 | 5584 | 5347 
InterfModel=1 55 | 2714 | 2758 | 4135 | 5538 | 5384 
InterfModel=1 56 | 2699 | 2723 | 4101 | 5536 | 5394 
InterfModel=1 57 | 2722 | 2699 | 4112 | 5557 | 5263 
InterfModel=1 58 | 2727 | 2700 | 4120 | 5556 | 5255 
InterfModel=1 59 | 2732 | 2732 | 4134 | 5509 | 5328 
InterfModel=1 60 | 2726 | 2718 | 4086 | 5624 | 5281 
InterfModel=1 61 | 2689 | 2698 | 4121 | 5486 | 5232 
InterfModel=1 62 | 2712 | 2745 | 4137 | 5573 | 5307 
InterfModel=1 63 | 2710 | 2744 | 4102 | 5428 | 5408 
InterfModel=1 64 | 2709 | 2728 | 4126 | 5610 | 5356 
InterfModel=1 65 | 2726 | 2721 | 4133 | 5550 | 5232 
InterfModel=1 66 | 2706 | 2721 | 4121 | 5480 | 5327 
InterfModel=1 67 | 2675 | 2708 | 4094 | 5571 | 5354 
InterfModel=1 68 | 2680 | 2751 | 4066 | 5500 | 5301 
InterfModel=1 69 | 2694 | 2731 | 4146 | 5582 | 5270 
InterfModel=1 70 | 2696 | 2741 | 4120 | 5534 | 5342 
InterfModel=1 71 | 2716 | 2716 | 4138 | 5709 | 5192 
InterfModel=1 72 | 2681 | 2739 | 4092 | 5611 | 5276 
InterfModel=1 73 | 2690 | 2724 | 4119 | 5517 | 5310 
InterfModel=1 74 | 2707 | 2715 | 4130 | 5487 | 5401 
InterfModel=1 75 | 2702 | 2710 | 4094 | 5642 | 5286 
InterfModel=1 76 | 2683 | 2725 | 4094 | 5552 | 5392 
InterfModel=1 77 | 2672 | 2729 | 4114 | 5458 | 5398 
InterfModel=1 78 | 2728 | 2707 | 4078 | 5637 | 5272 
InterfModel=1 79 | 2720 | 2713 | 4101 | 5527 | 5340 
InterfModel=1 80 | 2690 | 2716 | 4150 | 5606 | 5265 
InterfModel=1 81 | 2712 | 2730 | 4107 | 5545 | 5244 
InterfModel=1 82 | 2694 | 2722 | 4111 | 5549 | 5270 
InterfModel=1 83 | 2692 | 2747 | 4097 | 5500 | 5323 
InterfModel=1 84 | 2694 | 2742 | 4131 | 5619 | 5261 
InterfModel=1 85 | 2707 | 2756 | 4102 | 5470 | 5267 
InterfModel=1 86 | 2707 | 2722 | 4120 | 5536 | 5361 
InterfModel=1 87 | 2707 | 2705 | 4064 | 5447 | 5409 
InterfModel=1 88 | 2698 | 2753 | 4152 | 5552 | 5266 
InterfModel=1 89 | 2716 | 2740 | 4110 | 5555 | 5227 
InterfModel=1 90 | 2729 | 2751 | 4119 | 5504 | 5264 
InterfModel=1 91 | 2719 | 2732 | 4089 | 5504 | 5447 
InterfModel=1 92 | 2717 | 2706 | 4132 | 5647 | 5202 
InterfModel=1 93 | 2701 | 2731 | 4099 | 5520 | 5302 
InterfModel=1 94 | 2680 | 2716 | 4081 | 5523 | 5363 
InterfModel=1 95 | 2715 | 2711 | 4098 | 5498 | 5411 
InterfModel=1 96 | 2730 | 2708 | 4096 | 5642 | 5211 
InterfModel=1 97 | 2727 | 2737 | 4086 | 5371 | 5471 
InterfModel=1 98 | 2683 | 2727 | 4085 | 5579 | 5253 
InterfModel=1 99 | 2707 | 2710 | 4105 | 5684 | 5225 
InterfModel=2 0 | 2758 | 2879 | 4164 | 5981 | 5515 
InterfModel=2 1 | 2756 | 2873 | 4165 | 5909 | 5579 
InterfModel=2 2 | 2762 | 2875 | 4148 | 5989 | 5577 
InterfModel=2 3 | 2744 | 2871 | 4159 | 5955 | 5559 
InterfModel=2 4 | 2747 | 2869 | 4167 | 5904 | 5651 
InterfModel=2 5 | 2796 | 2866 | 4136 | 5850 | 5638 
InterfModel=2 6 | 2771 | 2864 | 4152 | 5877 | 5642 
InterfModel=2 7 | 2742 | 2881 | 4160 | 5921 | 5557 
InterfModel=2 8 | 2765 | 2887 | 4165 | 6069 | 5452 
InterfModel=2 9 | 2753 | 2875 | 4139 | 5896 | 5556 
InterfModel=2 10 | 2754 | 2851 | 4175 | 5883 | 5675 
InterfModel=2 11 | 2756 | 2871 | 4172 | 6094 | 5359 
InterfModel=2 12 | 2772 | 2870 | 4194 | 5919 | 5524 
InterfModel=2 13 | 2750 | 2855 | 4156 | 6015 | 5563 
InterfModel=2 14 | 2748 | 2859 | 4176 | 5797 | 5753 
InterfModel=2 15 | 2755 | 2883 | 4146 | 5920 | 5555 
InterfModel=2 16 | 2770 | 2880 | 4166 | 6060 | 5416 
InterfModel=2 17 | 2755 | 2879 | 4185 | 5819 | 5638 
InterfModel=2 18 | 2751 | 2879 | 4191 | 5783 | 5681 
InterfModel=2 19 | 2740 | 2863 | 4156 | 5865 | 5697 
InterfModel=2 20 | 2743 | 2881 | 4124 | 5996 | 5492 
InterfModel=2 21 | 2769 | 2867 | 4185 | 5843 | 5641 
InterfModel=2 22 | 2750 | 2879 | 4175 | 5765 | 5629 
InterfModel=2 23 | 2766 | 2886 | 4150 | 5954 | 5477 
InterfModel=2 24 | 2758 | 2872 | 4205 | 5796 | 5657 
InterfModel=2 25 | 2739 | 2872 | 4135 | 5935 | 5563 
InterfModel=2 26 | 2777 | 2882 | 4133 | 5950 | 5544 
InterfModel=2 27 | 2750 | 2863 | 4176 | 5997 | 5547 
InterfModel=2 28 | 2757 | 2882 | 4159 | 5817 | 5691 
InterfModel=2 29 | 2742 | 2848 | 4163 | 6103 | 5392 
InterfModel=2 30 | 2761 | 2873 | 4181 | 5943 | 5680 
InterfModel=2 31 | 2753 | 2876 | 4165 | 5967 | 5519 
InterfModel=2 32 | 2754 | 2861 | 4156 | 5991 | 5661 
InterfModel=2 33 | 2753 | 2869 | 4155 | 5827 | 5606 
InterfModel=2 34 | 2751 | 2872 | 4159 | 5901 | 5607 
InterfModel=2 35 | 2779 | 2882 | 4149 | 5887 | 5559 
InterfModel=2 36 | 2759 | 2870 | 4161 | 5985 | 5557 
InterfModel=2 37 | 2754 | 2868 | 4147 | 6048 | 5509 
InterfModel=2 38 | 2774 | 2868 | 4177 | 5814 | 5620 
InterfModel=2 39 | 2781 | 2877 | 4152 | 5948 | 5480 
InterfModel=2 40 | 2755 | 2864 | 4154 | 5847 | 5603 
InterfModel=2 41 | 2756 | 2855 | 4184 | 5898 | 5596 
InterfModel=2 42 | 2759 | 2887 | 4163 | 5925 | 5581 
InterfModel=2 43 | 2768 | 2878 | 4171 | 5937 | 5537 
InterfModel=2 44 | 2766 | 2888 | 4150 | 5880 | 5584 
InterfModel=2 45 | 2746 | 2867 | 4178 | 5827 | 5632 
InterfModel=2 46 | 2750 | 2864 | 4174 | 5741 | 5737 
InterfModel=2 47 | 2774 | 2877 | 4151 | 5898 | 5555 
InterfModel=2 48 | 2767 | 2867 | 4146 | 5873 | 5589 
InterfModel=2 49 | 2766 | 2873 | 4173 | 5995 | 5509 
InterfModel=2 50 | 2761 | 2869 | 4138 | 5867 | 5600 
InterfModel=2 51 | 2758 | 2888 | 4149 | 5928 | 5586 
InterfModel=2 52 | 2771 | 2878 | 4147 | 5993 | 5500 
InterfModel=2 53 | 2743 | 2882 | 4194 | 5914 | 5459 
InterfModel=2 54 | 2768 | 2883 | 4195 | 5953 | 5424 
InterfModel=2 55 | 2752 | 2863 | 4140 | 5881 | 5673 
InterfModel=2 56 | 2756 | 2885 | 4161 | 5954 | 5423 
InterfModel=2 57 | 2712 | 2876 | 4166 | 5963 | 5489 
InterfModel=2 58 | 2760 | 2870 | 4158 | 5840 | 5622 
InterfModel=2 59 | 2749 | 2861 | 4155 | 5981 | 5544 
InterfModel=2 60 | 2747 | 2877 | 4128 | 5837 | 5639 
InterfModel=2 61 | 2762 | 2879 | 4122 | 5914 | 5613 
InterfModel=2 62 | 2756 | 2873 | 4186 | 5936 | 5514 
InterfModel=2 63 | 2777 | 2883 | 4162 | 5768 | 5795 
InterfModel=2 64 | 2747 | 2859 | 4186 | 5820 | 5713 
InterfModel=2 65 | 2774 | 2897 | 4149 | 5919 | 5614 
InterfModel=2 66 | 2741 | 2880 | 4161 | 5742 | 5687 
InterfModel=2 67 | 2749 | 2885 | 4166 | 5834 | 5677 
InterfModel=2 68 | 2757 | 2872 | 4155 | 5924 | 5607 
InterfModel=2 69 | 2781 | 2868 | 4160 | 5870 | 5631 
InterfModel=2 70 | 2749 | 2900 | 4135 | 5967 | 5538 
InterfModel=2 71 | 2751 | 2860 | 4175 | 6046 | 5465 
InterfModel=2 72 | 2767 | 2864 | 4138 | 5847 | 5647 
InterfModel=2 73 | 2741 | 2861 | 4178 | 5906 | 5549 
InterfModel=2 74 | 2773 | 2864 | 4171 | 5953 | 5563 
InterfModel=2 75 | 2761 | 2878 | 4140 | 5937 | 5535 
InterfModel=2 76 | 2782 | 2879 | 4147 | 5779 | 5729 
InterfModel=2 77 | 2745 | 2870 | 4179 | 5893 | 5628 
InterfModel=2 78 | 2758 | 2868 | 4161 | 5911 | 5573 
InterfModel=2 79 | 2754 | 2872 | 4138 | 5978 | 5537 
InterfModel=2 80 | 2760 | 2875 | 4163 | 5933 | 5604 
InterfModel=2 81 | 2750 | 2870 | 4169 | 5975 | 5534 
InterfModel=2 82 | 2733 | 2874 | 4187 | 5935 | 5488 
InterfModel=2 83 | 2794 | 2874 | 4153 | 5907 | 5582 
InterfModel=2 84 | 2743 | 2878 | 4151 | 6014 | 5524 
InterfModel=2 85 | 2754 | 2884 | 4129 | 5821 | 5627 
InterfModel=2 86 | 2757 | 2870 | 4178 | 5908 | 5625 
InterfModel=2 87 | 2766 | 2862 | 4157 | 5943 | 5688 
InterfModel=2 88 | 2778 | 2897 | 4187 | 5934 | 5495 
InterfModel=2 89 | 2744 | 2864 | 4148 | 5954 | 5543 
InterfModel=2 90 | 2727 | 2887 | 4175 | 6054 | 5514 
InterfModel=2 91 | 2736 | 2894 | 4157 | 5931 | 5609 
InterfModel=2 92 | 2729 | 2852 | 4161 | 5912 | 5637 
InterfModel=2 93 | 2767 | 2869 | 4168 | 5937 | 5540 
InterfModel=2 94 | 2755 | 2851 | 4137 | 5862 | 5686 
InterfModel=2 95 | 2742 | 2869 | 4176 | 5911 | 5600 
InterfModel=2 96 | 2775 | 2870 | 4155 | 5916 | 5594 
InterfModel=2 97 | 2769 | 2879 | 4155 | 5852 | 5639 
InterfModel=2 98 | 2743 | 2870 | 4152 | 5859 | 5680 
InterfModel=2 99 | 2768 | 2888 | 4167 | 5991 | 5498 

