CastaliaResults -i saida.txt -s Packets loss rate -n --all -o2                                                               

Application:Packets loss rate - total
 | index=1 | index=2 | index=3 | index=4 | index=5
InterfModel=0 | 0.052 | 0.043 | 0.047 | 0.154 | 0.18 
InterfModel=1 | 0.098 | 0.091 | 0.087 | 0.259 | 0.292 
InterfModel=2 | 0.081 | 0.042 | 0.075 | 0.211 | 0.256 
Application:Packets loss rate - all values
 | index=1 | index=2 | index=3 | index=4 | index=5
InterfModel=0 0 | 0.0553518 | 0.0423474 | 0.0435652 | 0.142286 | 0.20016 
InterfModel=0 1 | 0.0566856 | 0.0473491 | 0.0473439 | 0.149887 | 0.17189 
InterfModel=0 2 | 0.0463488 | 0.0393465 | 0.0471216 | 0.165733 | 0.17549 
InterfModel=0 3 | 0.0473491 | 0.0343448 | 0.0455657 | 0.168422 | 0.182958 
InterfModel=0 4 | 0.0513505 | 0.0476826 | 0.0446766 | 0.147773 | 0.182982 
InterfModel=0 5 | 0.0503501 | 0.0460153 | 0.0511225 | 0.153754 | 0.17458 
InterfModel=0 6 | 0.0546849 | 0.0426809 | 0.049122 | 0.15282 | 0.170689 
InterfModel=0 7 | 0.0486829 | 0.0406802 | 0.0480106 | 0.154421 | 0.184025 
InterfModel=0 8 | 0.054018 | 0.045015 | 0.0468993 | 0.145619 | 0.190425 
InterfModel=0 9 | 0.057019 | 0.0416806 | 0.0462325 | 0.141752 | 0.184025 
InterfModel=0 10 | 0.0520173 | 0.041 | 0.0451211 | 0.147506 | 0.192159 
InterfModel=0 11 | 0.051017 | 0.0440147 | 0.0451211 | 0.172556 | 0.155087 
InterfModel=0 12 | 0.0563521 | 0.0416806 | 0.0433429 | 0.149353 | 0.182958 
InterfModel=0 13 | 0.0513505 | 0.0470157 | 0.0451211 | 0.153487 | 0.175914 
InterfModel=0 14 | 0.0456819 | 0.0443481 | 0.0444543 | 0.165489 | 0.17309 
InterfModel=0 15 | 0.0503333 | 0.0423474 | 0.0488998 | 0.156287 | 0.180024 
InterfModel=0 16 | 0.0520173 | 0.0430143 | 0.0415648 | 0.164577 | 0.172423 
InterfModel=0 17 | 0.0503501 | 0.0463488 | 0.0495666 | 0.156575 | 0.180957 
InterfModel=0 18 | 0.0506836 | 0.0476826 | 0.0449088 | 0.15362 | 0.160288 
InterfModel=0 19 | 0.0493333 | 0.048016 | 0.0513448 | 0.149887 | 0.170556 
InterfModel=0 20 | 0.0526842 | 0.0453485 | 0.0502334 | 0.155108 | 0.187358 
InterfModel=0 21 | 0.0543514 | 0.0400133 | 0.0422222 | 0.155775 | 0.184849 
InterfModel=0 22 | 0.0550184 | 0.0423333 | 0.0482329 | 0.165867 | 0.160176 
InterfModel=0 23 | 0.0493498 | 0.0436812 | 0.0444543 | 0.158288 | 0.180715 
InterfModel=0 24 | 0.0560187 | 0.0380127 | 0.0480106 | 0.178157 | 0.157621 
InterfModel=0 25 | 0.0506836 | 0.0410137 | 0.0553457 | 0.169489 | 0.162022 
InterfModel=0 26 | 0.051017 | 0.0433478 | 0.0484552 | 0.158821 | 0.179624 
InterfModel=0 27 | 0.0526842 | 0.049 | 0.0497888 | 0.150553 | 0.181091 
InterfModel=0 28 | 0.0563334 | 0.0410137 | 0.0493443 | 0.152174 | 0.182024 
InterfModel=0 29 | 0.0496832 | 0.0460153 | 0.0495666 | 0.167889 | 0.17229 
InterfModel=0 30 | 0.0526842 | 0.0406802 | 0.0480106 | 0.1516 | 0.189225 
InterfModel=0 31 | 0.045015 | 0.0410137 | 0.0446766 | 0.146153 | 0.181624 
InterfModel=0 32 | 0.0543514 | 0.0416806 | 0.0388975 | 0.149373 | 0.180824 
InterfModel=0 33 | 0.048016 | 0.0486829 | 0.0517893 | 0.164822 | 0.180691 
InterfModel=0 34 | 0.045015 | 0.0430143 | 0.0466771 | 0.14802 | 0.19776 
InterfModel=0 35 | 0.0490164 | 0.0356786 | 0.0437875 | 0.176957 | 0.171756 
InterfModel=0 36 | 0.0416667 | 0.0400133 | 0.0446766 | 0.155087 | 0.187117 
InterfModel=0 37 | 0.0523508 | 0.0443481 | 0.0460102 | 0.15162 | 0.181891 
InterfModel=0 38 | 0.0520173 | 0.0393465 | 0.0486775 | 0.1704 | 0.170156 
InterfModel=0 39 | 0.0566856 | 0.0426809 | 0.0495666 | 0.14642 | 0.176157 
InterfModel=0 40 | 0.054018 | 0.0406802 | 0.0488998 | 0.139867 | 0.211256 
InterfModel=0 41 | 0.0490164 | 0.0466822 | 0.0466771 | 0.12735 | 0.189784 
InterfModel=0 42 | 0.0553518 | 0.0406802 | 0.0464548 | 0.176824 | 0.160955 
InterfModel=0 43 | 0.054018 | 0.0336667 | 0.0504556 | 0.132267 | 0.199093 
InterfModel=0 44 | 0.0523508 | 0.048016 | 0.0457778 | 0.16431 | 0.178424 
InterfModel=0 45 | 0.0620207 | 0.0403468 | 0.0442321 | 0.156821 | 0.162822 
InterfModel=0 46 | 0.0543514 | 0.0410137 | 0.0493443 | 0.157754 | 0.180557 
InterfModel=0 47 | 0.0590197 | 0.0466822 | 0.0555679 | 0.15202 | 0.17589 
InterfModel=0 48 | 0.0486829 | 0.0503333 | 0.0522338 | 0.159242 | 0.176981 
InterfModel=0 49 | 0.0430143 | 0.0486829 | 0.0424539 | 0.158021 | 0.181224 
InterfModel=0 50 | 0.0543514 | 0.0430143 | 0.0484552 | 0.162577 | 0.175513 
InterfModel=0 51 | 0.0506836 | 0.0440147 | 0.0471216 | 0.132569 | 0.184849 
InterfModel=0 52 | 0.0566856 | 0.0363454 | 0.0437778 | 0.154021 | 0.17589 
InterfModel=0 53 | 0.0643333 | 0.0470157 | 0.0413425 | 0.139752 | 0.186692 
InterfModel=0 54 | 0.0553518 | 0.0466822 | 0.051567 | 0.162688 | 0.17869 
InterfModel=0 55 | 0.0550184 | 0.0400133 | 0.0466771 | 0.154421 | 0.170956 
InterfModel=0 56 | 0.0526842 | 0.0386795 | 0.0468993 | 0.153887 | 0.169467 
InterfModel=0 57 | 0.0543514 | 0.0406802 | 0.0504556 | 0.156421 | 0.180157 
InterfModel=0 58 | 0.0546849 | 0.0436812 | 0.0433334 | 0.147486 | 0.174823 
InterfModel=0 59 | 0.0550184 | 0.0466822 | 0.040898 | 0.151487 | 0.179248 
InterfModel=0 60 | 0.0500167 | 0.0416806 | 0.0380085 | 0.148286 | 0.190825 
InterfModel=0 61 | 0.0523508 | 0.0410137 | 0.0442321 | 0.152954 | 0.177514 
InterfModel=0 62 | 0.0483494 | 0.0456819 | 0.0468993 | 0.15042 | 0.181091 
InterfModel=0 63 | 0.0556667 | 0.0400133 | 0.0477778 | 0.149087 | 0.188692 
InterfModel=0 64 | 0.0506836 | 0.0426809 | 0.0504556 | 0.153887 | 0.174957 
InterfModel=0 65 | 0.0473491 | 0.0430143 | 0.0468993 | 0.1548 | 0.179091 
InterfModel=0 66 | 0.0533511 | 0.0433478 | 0.0424445 | 0.146286 | 0.195493 
InterfModel=0 67 | 0.0520173 | 0.042014 | 0.0444543 | 0.157754 | 0.173623 
InterfModel=0 68 | 0.0506836 | 0.042014 | 0.0466771 | 0.144286 | 0.210828 
InterfModel=0 69 | 0.0506836 | 0.042014 | 0.0466667 | 0.150953 | 0.169223 
InterfModel=0 70 | 0.0530177 | 0.0433478 | 0.0451211 | 0.13857 | 0.193092 
InterfModel=0 71 | 0.0496832 | 0.0403468 | 0.0435652 | 0.155487 | 0.182424 
InterfModel=0 72 | 0.066022 | 0.0473491 | 0.0511225 | 0.146933 | 0.167222 
InterfModel=0 73 | 0.0500167 | 0.0436812 | 0.0473439 | 0.150667 | 0.179381 
InterfModel=0 74 | 0.0560187 | 0.0430143 | 0.0471216 | 0.146153 | 0.192318 
InterfModel=0 75 | 0.0546849 | 0.0486667 | 0.0488998 | 0.14762 | 0.185491 
InterfModel=0 76 | 0.0556852 | 0.0410137 | 0.0475661 | 0.146686 | 0.196693 
InterfModel=0 77 | 0.0593531 | 0.0433334 | 0.0402312 | 0.149887 | 0.1824 
InterfModel=0 78 | 0.0590197 | 0.0426809 | 0.0493333 | 0.166956 | 0.170533 
InterfModel=0 79 | 0.0506836 | 0.0403468 | 0.0497888 | 0.147486 | 0.187892 
InterfModel=0 80 | 0.0520173 | 0.0436812 | 0.0466771 | 0.139085 | 0.207094 
InterfModel=0 81 | 0.0483494 | 0.0376793 | 0.0446766 | 0.155487 | 0.186292 
InterfModel=0 82 | 0.0523334 | 0.0426809 | 0.0431207 | 0.167378 | 0.168956 
InterfModel=0 83 | 0.0436812 | 0.0453485 | 0.0442321 | 0.163644 | 0.180691 
InterfModel=0 84 | 0.0553333 | 0.0350116 | 0.0477884 | 0.14842 | 0.186558 
InterfModel=0 85 | 0.0473491 | 0.0413333 | 0.0417871 | 0.153754 | 0.189384 
InterfModel=0 86 | 0.051017 | 0.0413471 | 0.0517893 | 0.148267 | 0.180557 
InterfModel=0 87 | 0.0460153 | 0.0413333 | 0.0451211 | 0.169645 | 0.180824 
InterfModel=0 88 | 0.0606869 | 0.0403468 | 0.0482329 | 0.14682 | 0.190451 
InterfModel=0 89 | 0.0496832 | 0.0456819 | 0.0475556 | 0.152933 | 0.181733 
InterfModel=0 90 | 0.0530177 | 0.0433478 | 0.0431207 | 0.165222 | 0.178024 
InterfModel=0 91 | 0.0490164 | 0.0466822 | 0.0509002 | 0.148973 | 0.185758 
InterfModel=0 92 | 0.0523508 | 0.043 | 0.0522338 | 0.146686 | 0.176157 
InterfModel=0 93 | 0.0490164 | 0.0410137 | 0.0468993 | 0.154708 | 0.178424 
InterfModel=0 94 | 0.0530177 | 0.0496832 | 0.0482329 | 0.145486 | 0.170023 
InterfModel=0 95 | 0.0483494 | 0.0423474 | 0.0375639 | 0.154021 | 0.182558 
InterfModel=0 96 | 0.0536667 | 0.0386795 | 0.0466771 | 0.170023 | 0.17229 
InterfModel=0 97 | 0.048016 | 0.0416806 | 0.0460102 | 0.158421 | 0.169089 
InterfModel=0 98 | 0.0546666 | 0.043 | 0.0446766 | 0.162177 | 0.175914 
InterfModel=0 99 | 0.0523508 | 0.0473491 | 0.0471216 | 0.151087 | 0.167511 
InterfModel=1 0 | 0.103034 | 0.0956986 | 0.0844632 | 0.267902 | 0.297013 
InterfModel=1 1 | 0.102034 | 0.0953651 | 0.0846855 | 0.241931 | 0.309149 
InterfModel=1 2 | 0.103333 | 0.099033 | 0.086686 | 0.241899 | 0.306574 
InterfModel=1 3 | 0.0983661 | 0.0956986 | 0.0906868 | 0.266604 | 0.288972 
InterfModel=1 4 | 0.105667 | 0.0933645 | 0.0926872 | 0.251234 | 0.295679 
InterfModel=1 5 | 0.1007 | 0.0940313 | 0.0846855 | 0.257802 | 0.293106 
InterfModel=1 6 | 0.0986996 | 0.101667 | 0.0869082 | 0.256667 | 0.295639 
InterfModel=1 7 | 0.0940313 | 0.093031 | 0.0909091 | 0.263902 | 0.275503 
InterfModel=1 8 | 0.102367 | 0.0893631 | 0.0913537 | 0.26087 | 0.27737 
InterfModel=1 9 | 0.0996999 | 0.0943648 | 0.0864636 | 0.265235 | 0.307641 
InterfModel=1 10 | 0.099033 | 0.0856952 | 0.09002 | 0.26167 | 0.292972 
InterfModel=1 11 | 0.0946983 | 0.0970324 | 0.0920205 | 0.265004 | 0.293506 
InterfModel=1 12 | 0.101367 | 0.0893631 | 0.0909091 | 0.246966 | 0.302707 
InterfModel=1 13 | 0.102367 | 0.101034 | 0.0864636 | 0.265404 | 0.290172 
InterfModel=1 14 | 0.101367 | 0.0880293 | 0.0833519 | 0.269103 | 0.290039 
InterfModel=1 15 | 0.103368 | 0.0863621 | 0.092465 | 0.2531 | 0.29684 
InterfModel=1 16 | 0.102701 | 0.0880293 | 0.0786842 | 0.263235 | 0.294745 
InterfModel=1 17 | 0.093031 | 0.0876959 | 0.0873528 | 0.244833 | 0.291506 
InterfModel=1 18 | 0.103701 | 0.093031 | 0.0753501 | 0.272036 | 0.288438 
InterfModel=1 19 | 0.0926976 | 0.0916972 | 0.0849078 | 0.26127 | 0.278608 
InterfModel=1 20 | 0.099033 | 0.0953333 | 0.08513 | 0.257768 | 0.297906 
InterfModel=1 21 | 0.103368 | 0.0970324 | 0.0855746 | 0.274206 | 0.275237 
InterfModel=1 22 | 0.0966989 | 0.0996667 | 0.0891111 | 0.233364 | 0.31 
InterfModel=1 23 | 0.105368 | 0.0910304 | 0.0911314 | 0.27577 | 0.27377 
InterfModel=1 24 | 0.0980327 | 0.0800267 | 0.0880195 | 0.255767 | 0.30124 
InterfModel=1 25 | 0.0950317 | 0.096032 | 0.0940209 | 0.263235 | 0.294212 
InterfModel=1 26 | 0.0963655 | 0.0883628 | 0.0800178 | 0.248033 | 0.298973 
InterfModel=1 27 | 0.0963655 | 0.0996999 | 0.0904645 | 0.245867 | 0.287067 
InterfModel=1 28 | 0.0996999 | 0.0850284 | 0.0855746 | 0.272836 | 0.276607 
InterfModel=1 29 | 0.0996999 | 0.09003 | 0.0780174 | 0.241499 | 0.302307 
InterfModel=1 30 | 0.0986996 | 0.0923333 | 0.0873528 | 0.258602 | 0.279637 
InterfModel=1 31 | 0.094 | 0.0910304 | 0.0931318 | 0.254701 | 0.293812 
InterfModel=1 32 | 0.0973658 | 0.0966989 | 0.0911314 | 0.269236 | 0.285867 
InterfModel=1 33 | 0.0996999 | 0.0866956 | 0.0829073 | 0.247766 | 0.292572 
InterfModel=1 34 | 0.0966989 | 0.0963655 | 0.0862414 | 0.255634 | 0.30004 
InterfModel=1 35 | 0.104035 | 0.093031 | 0.0895755 | 0.250867 | 0.287105 
InterfModel=1 36 | 0.099033 | 0.0950317 | 0.0795732 | 0.27177 | 0.280571 
InterfModel=1 37 | 0.0983661 | 0.0833611 | 0.0873528 | 0.261235 | 0.286533 
InterfModel=1 38 | 0.0983661 | 0.0873625 | 0.0853523 | 0.253001 | 0.291906 
InterfModel=1 39 | 0.0970324 | 0.0843614 | 0.0882418 | 0.263768 | 0.295333 
InterfModel=1 40 | 0.0976992 | 0.087029 | 0.09 | 0.250567 | 0.296573 
InterfModel=1 41 | 0.0953651 | 0.093031 | 0.0897778 | 0.265769 | 0.290039 
InterfModel=1 42 | 0.110037 | 0.0883628 | 0.087575 | 0.2664 | 0.269539 
InterfModel=1 43 | 0.103034 | 0.0906969 | 0.092465 | 0.2531 | 0.291239 
InterfModel=1 44 | 0.103368 | 0.0983661 | 0.0795732 | 0.250567 | 0.302974 
InterfModel=1 45 | 0.0920307 | 0.0893631 | 0.0853523 | 0.262737 | 0.281104 
InterfModel=1 46 | 0.099033 | 0.0916972 | 0.0895755 | 0.269769 | 0.285276 
InterfModel=1 47 | 0.100367 | 0.0860287 | 0.0962222 | 0.253801 | 0.290572 
InterfModel=1 48 | 0.0953651 | 0.0906969 | 0.0784619 | 0.264969 | 0.29724 
InterfModel=1 49 | 0.0996667 | 0.0866956 | 0.0857968 | 0.257368 | 0.284305 
InterfModel=1 50 | 0.096032 | 0.095 | 0.0933333 | 0.256568 | 0.284971 
InterfModel=1 51 | 0.0953651 | 0.091 | 0.0842409 | 0.254567 | 0.29644 
InterfModel=1 52 | 0.0886962 | 0.0933645 | 0.0862414 | 0.264969 | 0.294039 
InterfModel=1 53 | 0.096032 | 0.084028 | 0.0882222 | 0.264702 | 0.293639 
InterfModel=1 54 | 0.0910304 | 0.0876959 | 0.086 | 0.255367 | 0.287067 
InterfModel=1 55 | 0.0950317 | 0.0806667 | 0.0809069 | 0.261502 | 0.282038 
InterfModel=1 56 | 0.100033 | 0.0920307 | 0.0884641 | 0.261768 | 0.280704 
InterfModel=1 57 | 0.0923641 | 0.100033 | 0.0860191 | 0.258869 | 0.298173 
InterfModel=1 58 | 0.0906969 | 0.0996999 | 0.0842409 | 0.259101 | 0.299146 
InterfModel=1 59 | 0.0890297 | 0.0890297 | 0.0811291 | 0.265271 | 0.289505 
InterfModel=1 60 | 0.0910304 | 0.0936979 | 0.0917982 | 0.250033 | 0.295773 
InterfModel=1 61 | 0.103368 | 0.100367 | 0.0842222 | 0.268436 | 0.302307 
InterfModel=1 62 | 0.0956986 | 0.0846949 | 0.0804623 | 0.256933 | 0.292306 
InterfModel=1 63 | 0.0963655 | 0.0850284 | 0.0882418 | 0.276074 | 0.278741 
InterfModel=1 64 | 0.0966989 | 0.0903634 | 0.0829073 | 0.2519 | 0.285771 
InterfModel=1 65 | 0.0910304 | 0.0926976 | 0.0813514 | 0.259901 | 0.302307 
InterfModel=1 66 | 0.098 | 0.0926976 | 0.0840186 | 0.269236 | 0.289639 
InterfModel=1 67 | 0.108036 | 0.0970324 | 0.0902222 | 0.257101 | 0.286038 
InterfModel=1 68 | 0.106369 | 0.0826942 | 0.0962436 | 0.266471 | 0.293106 
InterfModel=1 69 | 0.101701 | 0.0896667 | 0.0784619 | 0.255634 | 0.29724 
InterfModel=1 70 | 0.101034 | 0.0863333 | 0.0842409 | 0.261937 | 0.287638 
InterfModel=1 71 | 0.0943648 | 0.0943648 | 0.0802401 | 0.238698 | 0.307641 
InterfModel=1 72 | 0.106035 | 0.0866956 | 0.0904645 | 0.251767 | 0.29644 
InterfModel=1 73 | 0.103034 | 0.0916972 | 0.0844632 | 0.264302 | 0.291811 
InterfModel=1 74 | 0.0973658 | 0.0946983 | 0.0820182 | 0.2684 | 0.279867 
InterfModel=1 75 | 0.099033 | 0.0963655 | 0.0902222 | 0.247633 | 0.295012 
InterfModel=1 76 | 0.105368 | 0.0913638 | 0.09002 | 0.259536 | 0.280971 
InterfModel=1 77 | 0.109036 | 0.0903333 | 0.0855746 | 0.27217 | 0.280171 
InterfModel=1 78 | 0.0903634 | 0.0973658 | 0.0935764 | 0.2483 | 0.296973 
InterfModel=1 79 | 0.093031 | 0.0953651 | 0.0884641 | 0.262968 | 0.287905 
InterfModel=1 80 | 0.103034 | 0.0943648 | 0.0773677 | 0.252434 | 0.297906 
InterfModel=1 81 | 0.0956986 | 0.09 | 0.0871305 | 0.260469 | 0.300707 
InterfModel=1 82 | 0.101701 | 0.0923641 | 0.0862414 | 0.260133 | 0.297146 
InterfModel=1 83 | 0.102367 | 0.084028 | 0.0895556 | 0.266569 | 0.290172 
InterfModel=1 84 | 0.101701 | 0.0856952 | 0.0817959 | 0.2506 | 0.29844 
InterfModel=1 85 | 0.0976667 | 0.081027 | 0.0882418 | 0.270569 | 0.29764 
InterfModel=1 86 | 0.0973658 | 0.0923641 | 0.0842409 | 0.261768 | 0.285105 
InterfModel=1 87 | 0.0973658 | 0.0980327 | 0.0964873 | 0.27354 | 0.278704 
InterfModel=1 88 | 0.100367 | 0.0820273 | 0.0771282 | 0.259635 | 0.297773 
InterfModel=1 89 | 0.0943648 | 0.0863621 | 0.0864636 | 0.259333 | 0.302881 
InterfModel=1 90 | 0.09003 | 0.0826942 | 0.0844632 | 0.266035 | 0.297946 
InterfModel=1 91 | 0.0933645 | 0.0890297 | 0.0911314 | 0.266035 | 0.273636 
InterfModel=1 92 | 0.0940313 | 0.0976992 | 0.0815737 | 0.246966 | 0.306307 
InterfModel=1 93 | 0.0993664 | 0.0896667 | 0.0889087 | 0.263804 | 0.292972 
InterfModel=1 94 | 0.106369 | 0.0943648 | 0.0929095 | 0.263502 | 0.284838 
InterfModel=1 95 | 0.0946983 | 0.096032 | 0.0893334 | 0.266738 | 0.278437 
InterfModel=1 96 | 0.09 | 0.0970324 | 0.0895755 | 0.247533 | 0.305107 
InterfModel=1 97 | 0.0906969 | 0.0873625 | 0.0917982 | 0.283676 | 0.270436 
InterfModel=1 98 | 0.105368 | 0.0906969 | 0.0922222 | 0.255935 | 0.299507 
InterfModel=1 99 | 0.0973658 | 0.0963655 | 0.0877778 | 0.242032 | 0.30324 
InterfModel=2 0 | 0.0803601 | 0.0400133 | 0.074461 | 0.202427 | 0.264471 
InterfModel=2 1 | 0.081027 | 0.042014 | 0.0742387 | 0.212028 | 0.255935 
InterfModel=2 2 | 0.0790263 | 0.0413471 | 0.0782222 | 0.20136 | 0.256301 
InterfModel=2 3 | 0.0850284 | 0.0426809 | 0.0755724 | 0.206 | 0.258701 
InterfModel=2 4 | 0.084028 | 0.0433478 | 0.0737942 | 0.212695 | 0.246433 
InterfModel=2 5 | 0.0676892 | 0.0443481 | 0.0806846 | 0.219792 | 0.248166 
InterfModel=2 6 | 0.0760254 | 0.045015 | 0.0771282 | 0.216295 | 0.247633 
InterfModel=2 7 | 0.0856952 | 0.0396667 | 0.0755556 | 0.210323 | 0.258968 
InterfModel=2 8 | 0.078026 | 0.0373458 | 0.0742387 | 0.190692 | 0.27297 
InterfModel=2 9 | 0.0823333 | 0.0413471 | 0.0800178 | 0.213762 | 0.259101 
InterfModel=2 10 | 0.0816939 | 0.0493498 | 0.072016 | 0.215495 | 0.243232 
InterfModel=2 11 | 0.081027 | 0.0426809 | 0.0726828 | 0.187358 | 0.285371 
InterfModel=2 12 | 0.0756919 | 0.0430143 | 0.0677928 | 0.210695 | 0.263368 
InterfModel=2 13 | 0.0833333 | 0.048016 | 0.0762392 | 0.197893 | 0.258168 
InterfModel=2 14 | 0.0836946 | 0.0466822 | 0.0717937 | 0.226964 | 0.232831 
InterfModel=2 15 | 0.0813605 | 0.0386795 | 0.0784619 | 0.210456 | 0.259235 
InterfModel=2 16 | 0.0763588 | 0.0396799 | 0.0740165 | 0.191892 | 0.27777 
InterfModel=2 17 | 0.0813605 | 0.0400133 | 0.07 | 0.22403 | 0.248166 
InterfModel=2 18 | 0.0826942 | 0.0400133 | 0.0684596 | 0.228831 | 0.242432 
InterfModel=2 19 | 0.0863621 | 0.0453485 | 0.0762392 | 0.217896 | 0.240299 
InterfModel=2 20 | 0.0853618 | 0.0393465 | 0.0833519 | 0.200427 | 0.267538 
InterfModel=2 21 | 0.0766922 | 0.0440147 | 0.0697933 | 0.220933 | 0.247766 
InterfModel=2 22 | 0.0833333 | 0.0400133 | 0.072016 | 0.231128 | 0.249266 
InterfModel=2 23 | 0.0776926 | 0.0376793 | 0.0775728 | 0.206027 | 0.269636 
InterfModel=2 24 | 0.0803601 | 0.0423474 | 0.0653479 | 0.226994 | 0.245532 
InterfModel=2 25 | 0.0866956 | 0.0423474 | 0.0809069 | 0.208456 | 0.258069 
InterfModel=2 26 | 0.0740247 | 0.039013 | 0.0813514 | 0.206455 | 0.260701 
InterfModel=2 27 | 0.0830277 | 0.0453485 | 0.0717937 | 0.2004 | 0.260301 
InterfModel=2 28 | 0.0806935 | 0.0393333 | 0.0755724 | 0.224297 | 0.240998 
InterfModel=2 29 | 0.0856952 | 0.0503501 | 0.0746832 | 0.186158 | 0.280971 
InterfModel=2 30 | 0.0793598 | 0.042014 | 0.0706823 | 0.207494 | 0.242566 
InterfModel=2 31 | 0.0820273 | 0.0410137 | 0.0744445 | 0.204294 | 0.264035 
InterfModel=2 32 | 0.0816939 | 0.0463333 | 0.0764444 | 0.201093 | 0.245099 
InterfModel=2 33 | 0.0820273 | 0.0433478 | 0.0764614 | 0.222963 | 0.252434 
InterfModel=2 34 | 0.0826942 | 0.0423474 | 0.0755724 | 0.213095 | 0.2523 
InterfModel=2 35 | 0.0733578 | 0.039013 | 0.0777951 | 0.214962 | 0.258701 
InterfModel=2 36 | 0.0800267 | 0.0430143 | 0.0751278 | 0.201894 | 0.258869 
InterfModel=2 37 | 0.0816939 | 0.0436812 | 0.0782396 | 0.193492 | 0.265271 
InterfModel=2 38 | 0.075025 | 0.044 | 0.0715715 | 0.224697 | 0.250567 
InterfModel=2 39 | 0.0726909 | 0.0406802 | 0.0773333 | 0.206828 | 0.269333 
InterfModel=2 40 | 0.0813605 | 0.045015 | 0.0766837 | 0.220296 | 0.252834 
InterfModel=2 41 | 0.081027 | 0.048016 | 0.0700155 | 0.21339 | 0.253767 
InterfModel=2 42 | 0.0800267 | 0.0376667 | 0.0746832 | 0.209895 | 0.255767 
InterfModel=2 43 | 0.0770257 | 0.0403468 | 0.0729051 | 0.208294 | 0.261635 
InterfModel=2 44 | 0.0776926 | 0.0370123 | 0.0775728 | 0.215895 | 0.255367 
InterfModel=2 45 | 0.0843614 | 0.0440147 | 0.0713492 | 0.222859 | 0.248866 
InterfModel=2 46 | 0.0830277 | 0.045015 | 0.0722383 | 0.234431 | 0.234863 
InterfModel=2 47 | 0.075025 | 0.0406802 | 0.0773505 | 0.213495 | 0.259333 
InterfModel=2 48 | 0.0773591 | 0.0440147 | 0.0784619 | 0.216829 | 0.254601 
InterfModel=2 49 | 0.078 | 0.042014 | 0.0724605 | 0.20056 | 0.265369 
InterfModel=2 50 | 0.0793598 | 0.0436667 | 0.0802401 | 0.217629 | 0.253134 
InterfModel=2 51 | 0.0803601 | 0.0370123 | 0.0777951 | 0.209495 | 0.255101 
InterfModel=2 52 | 0.0763333 | 0.0403468 | 0.0782396 | 0.200827 | 0.266569 
InterfModel=2 53 | 0.0853618 | 0.039013 | 0.0677928 | 0.211362 | 0.272036 
InterfModel=2 54 | 0.0770257 | 0.0386795 | 0.0675706 | 0.206161 | 0.276704 
InterfModel=2 55 | 0.0823608 | 0.0453485 | 0.0797955 | 0.215762 | 0.243499 
InterfModel=2 56 | 0.081027 | 0.0380127 | 0.0751278 | 0.205922 | 0.276837 
InterfModel=2 57 | 0.0956986 | 0.0413333 | 0.0742222 | 0.204827 | 0.267938 
InterfModel=2 58 | 0.0796933 | 0.0430143 | 0.0757946 | 0.221229 | 0.2502 
InterfModel=2 59 | 0.0833611 | 0.0463333 | 0.0764614 | 0.202427 | 0.260603 
InterfModel=2 60 | 0.084028 | 0.0406802 | 0.0824628 | 0.221733 | 0.248033 
InterfModel=2 61 | 0.0790263 | 0.0400133 | 0.084 | 0.211362 | 0.2515 
InterfModel=2 62 | 0.081027 | 0.042014 | 0.069571 | 0.208428 | 0.2648 
InterfModel=2 63 | 0.0743333 | 0.039 | 0.0749055 | 0.230831 | 0.22723 
InterfModel=2 64 | 0.084028 | 0.0466822 | 0.069571 | 0.223897 | 0.238063 
InterfModel=2 65 | 0.0753334 | 0.0340114 | 0.0777951 | 0.210695 | 0.251267 
InterfModel=2 66 | 0.0860287 | 0.0396799 | 0.0751278 | 0.2344 | 0.241531 
InterfModel=2 67 | 0.0836667 | 0.0380127 | 0.0740165 | 0.22203 | 0.242966 
InterfModel=2 68 | 0.0806935 | 0.0423474 | 0.0764614 | 0.210028 | 0.2523 
InterfModel=2 69 | 0.0726909 | 0.0436812 | 0.0753501 | 0.217229 | 0.2491 
InterfModel=2 70 | 0.0833611 | 0.033011 | 0.0809069 | 0.204294 | 0.261502 
InterfModel=2 71 | 0.0826942 | 0.0463488 | 0.072016 | 0.193867 | 0.271236 
InterfModel=2 72 | 0.0773591 | 0.0453333 | 0.0804445 | 0.220296 | 0.246966 
InterfModel=2 73 | 0.0860287 | 0.0460153 | 0.0713492 | 0.212428 | 0.260035 
InterfModel=2 74 | 0.0753585 | 0.045015 | 0.0729051 | 0.206161 | 0.258168 
InterfModel=2 75 | 0.0793598 | 0.0403468 | 0.0797955 | 0.208294 | 0.261902 
InterfModel=2 76 | 0.0723575 | 0.0400133 | 0.0782396 | 0.229261 | 0.236031 
InterfModel=2 77 | 0.0846949 | 0.0430143 | 0.0711269 | 0.214162 | 0.2495 
InterfModel=2 78 | 0.0803601 | 0.0436812 | 0.0751278 | 0.211762 | 0.256834 
InterfModel=2 79 | 0.0816939 | 0.0423474 | 0.0802401 | 0.202827 | 0.261733 
InterfModel=2 80 | 0.0796933 | 0.0413471 | 0.0746832 | 0.208933 | 0.252601 
InterfModel=2 81 | 0.0830277 | 0.0430143 | 0.0733497 | 0.203121 | 0.262035 
InterfModel=2 82 | 0.0886962 | 0.0416806 | 0.0693488 | 0.208561 | 0.268169 
InterfModel=2 83 | 0.0683561 | 0.0416806 | 0.076906 | 0.212295 | 0.255634 
InterfModel=2 84 | 0.0853618 | 0.0403468 | 0.0775555 | 0.197919 | 0.263368 
InterfModel=2 85 | 0.0816939 | 0.0383461 | 0.0822405 | 0.22366 | 0.249633 
InterfModel=2 86 | 0.0806935 | 0.0430143 | 0.0713492 | 0.212057 | 0.2499 
InterfModel=2 87 | 0.0776926 | 0.0456819 | 0.0760169 | 0.207494 | 0.241398 
InterfModel=2 88 | 0.0736912 | 0.0340114 | 0.0693488 | 0.208695 | 0.267138 
InterfModel=2 89 | 0.0850284 | 0.045015 | 0.0780174 | 0.206133 | 0.260736 
InterfModel=2 90 | 0.0906969 | 0.0373458 | 0.072016 | 0.192692 | 0.264702 
InterfModel=2 91 | 0.088 | 0.0353333 | 0.0760169 | 0.209095 | 0.252034 
InterfModel=2 92 | 0.09003 | 0.0490164 | 0.0751278 | 0.211628 | 0.2483 
InterfModel=2 93 | 0.0773591 | 0.0433478 | 0.0735719 | 0.208294 | 0.261333 
InterfModel=2 94 | 0.0813605 | 0.0493498 | 0.0804623 | 0.218296 | 0.241766 
InterfModel=2 95 | 0.0856952 | 0.0433478 | 0.0717937 | 0.211867 | 0.253234 
InterfModel=2 96 | 0.0746916 | 0.0430143 | 0.0764614 | 0.211095 | 0.253934 
InterfModel=2 97 | 0.0766922 | 0.0400133 | 0.0764614 | 0.219733 | 0.248033 
InterfModel=2 98 | 0.0853618 | 0.0430143 | 0.0771282 | 0.218696 | 0.242566 
InterfModel=2 99 | 0.0770257 | 0.0370123 | 0.0737942 | 0.201093 | 0.266836 

