CastaliaResults -i saida.txt -s Energy nJ/bit -n --all -o2                                                           

Application:Energy nJ/bit
 | node=1 | node=2 | node=3 | node=4 | node=5
InterfModel=0 | 107.721 | 106.148 | 84.643 | 47.68 | 62.219 
InterfModel=1 | 134.739 | 133.308 | 116.419 | 67.17 | 113.731 
InterfModel=2 | 120.949 | 103.19 | 100.383 | 53.223 | 84.996 
Application:Energy nJ/bit - all values
 | node=1 | node=2 | node=3 | node=4 | node=5
InterfModel=0 0 | 108.083 | 106 | 77.4786 | 46.2353 | 66.5729 
InterfModel=0 1 | 105.106 | 106.575 | 84.5811 | 46.7087 | 63.7192 
InterfModel=0 2 | 110.657 | 106.321 | 78.488 | 47.7521 | 60.824 
InterfModel=0 3 | 107.02 | 107.007 | 92.0782 | 47.1674 | 64.4253 
InterfModel=0 4 | 103.977 | 106.267 | 84.9364 | 47.5602 | 63.1678 
InterfModel=0 5 | 108.924 | 106.242 | 82.202 | 48.2461 | 60.4253 
InterfModel=0 6 | 102.195 | 106.308 | 84.5072 | 48.9356 | 62.1996 
InterfModel=0 7 | 103.797 | 106.004 | 82.6153 | 46.113 | 63.9357 
InterfModel=0 8 | 109.714 | 106.507 | 83.5928 | 46.7074 | 58.6054 
InterfModel=0 9 | 105.508 | 108.097 | 79.6775 | 47.3163 | 62.6382 
InterfModel=0 10 | 109.658 | 106.529 | 89.0797 | 48.8725 | 59.2704 
InterfModel=0 11 | 106.547 | 106.741 | 89.9589 | 44.844 | 68.0487 
InterfModel=0 12 | 109.135 | 105.808 | 84.471 | 47.0335 | 62.3996 
InterfModel=0 13 | 107.297 | 107.06 | 95.8843 | 46.8413 | 61.8741 
InterfModel=0 14 | 105.18 | 106.595 | 86.6049 | 46.2352 | 61.3625 
InterfModel=0 15 | 109.232 | 106.38 | 86.6368 | 48.2464 | 61.4876 
InterfModel=0 16 | 105.558 | 106.344 | 81.6514 | 48.6194 | 67.9316 
InterfModel=0 17 | 109.407 | 105.945 | 89.4571 | 49.4174 | 59.6128 
InterfModel=0 18 | 107.784 | 106.252 | 81.2009 | 46.0094 | 65.3595 
InterfModel=0 19 | 107.207 | 105.723 | 94.4218 | 46.8999 | 58.9992 
InterfModel=0 20 | 104.94 | 105.159 | 83.3484 | 48.6864 | 58.0908 
InterfModel=0 21 | 110.582 | 107.057 | 99.9629 | 46.3007 | 65.1137 
InterfModel=0 22 | 107.721 | 106.745 | 85.2407 | 51.1423 | 62.1974 
InterfModel=0 23 | 112.959 | 107.49 | 78.6649 | 49.3549 | 62.0436 
InterfModel=0 24 | 108.362 | 106.517 | 81.3243 | 48.1019 | 59.7574 
InterfModel=0 25 | 109.806 | 104.363 | 87.145 | 49.5809 | 62.1201 
InterfModel=0 26 | 105.361 | 105.417 | 75.9545 | 47.9984 | 60.2783 
InterfModel=0 27 | 108.121 | 106.281 | 82.8964 | 46.6348 | 62.1456 
InterfModel=0 28 | 110.903 | 106.714 | 95.3587 | 47.1586 | 56.3786 
InterfModel=0 29 | 105.207 | 105.69 | 77.5978 | 46.9801 | 66.5385 
InterfModel=0 30 | 106.161 | 104.833 | 84.3461 | 45.4186 | 62.3372 
InterfModel=0 31 | 107.139 | 105.405 | 86.2233 | 47.9767 | 61.6894 
InterfModel=0 32 | 109.141 | 105.519 | 86.1671 | 49.0507 | 63.3782 
InterfModel=0 33 | 105.44 | 107.526 | 78.1106 | 47.9396 | 62.0593 
InterfModel=0 34 | 112.033 | 106.551 | 79.8016 | 48.4923 | 61.9797 
InterfModel=0 35 | 112.363 | 105.001 | 84.2697 | 47.6513 | 65.5029 
InterfModel=0 36 | 106.199 | 106.669 | 81.6964 | 46.1418 | 65.562 
InterfModel=0 37 | 109.384 | 105.886 | 81.3141 | 46.6967 | 63.9184 
InterfModel=0 38 | 107.137 | 107.797 | 78.3518 | 46.6152 | 65.1149 
InterfModel=0 39 | 111.746 | 105.549 | 77.5035 | 48.7878 | 59.2412 
InterfModel=0 40 | 109.413 | 106.371 | 85.8985 | 48.306 | 62.0092 
InterfModel=0 41 | 111.628 | 106.9 | 73.2613 | 50.2174 | 56.9452 
InterfModel=0 42 | 105.261 | 105.75 | 84.1732 | 45.8154 | 67.1535 
InterfModel=0 43 | 107.022 | 106.204 | 83.6523 | 49.4482 | 57.4809 
InterfModel=0 44 | 109.571 | 105.006 | 84.3964 | 48.3583 | 61.749 
InterfModel=0 45 | 108.721 | 106.163 | 84.9925 | 48.4731 | 60.6629 
InterfModel=0 46 | 103.081 | 105.12 | 92.4176 | 45.8752 | 64.1749 
InterfModel=0 47 | 109.596 | 106.319 | 84.1913 | 48.5358 | 56.7059 
InterfModel=0 48 | 104.086 | 104.787 | 84.989 | 47.2072 | 69.992 
InterfModel=0 49 | 107.033 | 105.715 | 97.9946 | 46.5898 | 62.0018 
InterfModel=0 50 | 108.303 | 106.213 | 83.5748 | 47.7165 | 61.9556 
InterfModel=0 51 | 107.942 | 106.394 | 79.2712 | 46.9585 | 61.3869 
InterfModel=0 52 | 107.16 | 106.331 | 84.6496 | 45.8699 | 67.4518 
InterfModel=0 53 | 104.646 | 106.603 | 91.4245 | 44.9902 | 65.7805 
InterfModel=0 54 | 106.182 | 106.045 | 90.7774 | 48.1545 | 56.8496 
InterfModel=0 55 | 108.724 | 105.256 | 88.0805 | 48.3434 | 60.6073 
InterfModel=0 56 | 107.283 | 107.304 | 78.2717 | 47.3642 | 61.8374 
InterfModel=0 57 | 112.204 | 106.176 | 84.2035 | 47.7736 | 64.6939 
InterfModel=0 58 | 108.498 | 104.762 | 85.4465 | 47.5644 | 60.4236 
InterfModel=0 59 | 110.304 | 106.749 | 76.7488 | 47.3177 | 60.2081 
InterfModel=0 60 | 107.014 | 105.18 | 82.1537 | 46.4213 | 65.6894 
InterfModel=0 61 | 103.979 | 105.895 | 83.3256 | 47.8483 | 64.0384 
InterfModel=0 62 | 104.128 | 106.351 | 88.2506 | 46.2149 | 62.6539 
InterfModel=0 63 | 110.657 | 105.861 | 83.4235 | 44.6405 | 66.7292 
InterfModel=0 64 | 108.589 | 106.829 | 86.0321 | 48.0888 | 61.5009 
InterfModel=0 65 | 108.44 | 106.365 | 87.5932 | 50.1558 | 62.6443 
InterfModel=0 66 | 107.116 | 105.813 | 79.0876 | 47.9663 | 62.1061 
InterfModel=0 67 | 109.207 | 105.709 | 83.396 | 46.2369 | 65.6627 
InterfModel=0 68 | 108.939 | 106.923 | 82.6792 | 48.5506 | 61.5995 
InterfModel=0 69 | 102.202 | 106.186 | 90.2408 | 47.7625 | 72.139 
InterfModel=0 70 | 106.552 | 107.8 | 90.2038 | 47.4086 | 58.6309 
InterfModel=0 71 | 109.438 | 106.197 | 88.9469 | 48.6659 | 58.7904 
InterfModel=0 72 | 107.051 | 104.668 | 78.8549 | 48.5963 | 61.5423 
InterfModel=0 73 | 111.289 | 106.07 | 85.2457 | 48.8812 | 59.1289 
InterfModel=0 74 | 104.767 | 105.691 | 88.8722 | 47.5199 | 62.5298 
InterfModel=0 75 | 107.645 | 106.797 | 79.5447 | 49.3008 | 65.236 
InterfModel=0 76 | 107.895 | 106.079 | 80.5056 | 49.1311 | 58.0565 
InterfModel=0 77 | 105.019 | 105.545 | 87.045 | 47.654 | 63.456 
InterfModel=0 78 | 103.571 | 106.513 | 83.9089 | 47.9655 | 63.3209 
InterfModel=0 79 | 107.384 | 106.225 | 95.1324 | 47.3518 | 58.7367 
InterfModel=0 80 | 106.512 | 106.735 | 75.3905 | 47.825 | 64.4874 
InterfModel=0 81 | 105.727 | 105.488 | 81.6613 | 46.8367 | 64.3453 
InterfModel=0 82 | 109.06 | 104.725 | 89.5646 | 47.7359 | 62.3704 
InterfModel=0 83 | 113.319 | 104.929 | 82.2174 | 48.8878 | 62.0836 
InterfModel=0 84 | 109.251 | 106.267 | 80.0054 | 49.2609 | 58.891 
InterfModel=0 85 | 106.588 | 105.409 | 87.265 | 48.9496 | 59.4669 
InterfModel=0 86 | 110.806 | 106.275 | 89.9336 | 46.1611 | 61.3392 
InterfModel=0 87 | 107.88 | 107.612 | 78.8243 | 47.1045 | 67.5637 
InterfModel=0 88 | 106.488 | 106.437 | 78.5991 | 48.5722 | 58.3053 
InterfModel=0 89 | 112.885 | 105.726 | 84.9727 | 47.3396 | 60.4364 
InterfModel=0 90 | 108.681 | 105.465 | 85.2664 | 47.4447 | 62.5359 
InterfModel=0 91 | 104.585 | 105.775 | 93.7536 | 47.1939 | 63.2347 
InterfModel=0 92 | 107.325 | 106.876 | 85.1357 | 49.9394 | 56.5117 
InterfModel=0 93 | 104.448 | 106.672 | 86.8324 | 49.2443 | 63.6159 
InterfModel=0 94 | 104.016 | 106.056 | 90.9525 | 46.9551 | 60.4909 
InterfModel=0 95 | 106.063 | 105.434 | 76.2215 | 48.3831 | 63.118 
InterfModel=0 96 | 110.43 | 106.169 | 83.4307 | 47.8173 | 59.1467 
InterfModel=0 97 | 108.715 | 106.229 | 85.1605 | 48.0716 | 59.0337 
InterfModel=0 98 | 112.104 | 105.599 | 87.8182 | 46.4672 | 64.1444 
InterfModel=0 99 | 107 | 107.204 | 83.6236 | 48.0756 | 58.1895 
InterfModel=1 0 | 136.701 | 131.783 | 110.101 | 69.2512 | 110.25 
InterfModel=1 1 | 138.156 | 133.395 | 113.002 | 69.9255 | 112.095 
InterfModel=1 2 | 132.431 | 135.288 | 103.941 | 66.6376 | 121.417 
InterfModel=1 3 | 134.832 | 132.016 | 121.769 | 66.919 | 101.269 
InterfModel=1 4 | 127.191 | 129.911 | 122.442 | 63.7548 | 120.139 
InterfModel=1 5 | 132.133 | 129.584 | 129.699 | 65.9469 | 105.875 
InterfModel=1 6 | 131.09 | 132.87 | 136.655 | 64.8054 | 116.881 
InterfModel=1 7 | 130.112 | 134.134 | 121.351 | 66.3859 | 109.241 
InterfModel=1 8 | 140.292 | 132.862 | 121.122 | 66.719 | 105.965 
InterfModel=1 9 | 134.519 | 134.265 | 122.147 | 64.5174 | 123.611 
InterfModel=1 10 | 135.482 | 134.703 | 119.518 | 66.7223 | 114.945 
InterfModel=1 11 | 127.79 | 133.557 | 119.08 | 71.034 | 115.204 
InterfModel=1 12 | 136.338 | 133.628 | 114.213 | 71.1758 | 113.314 
InterfModel=1 13 | 138.317 | 133.554 | 100.354 | 68.301 | 125.808 
InterfModel=1 14 | 126.425 | 135.143 | 109.918 | 65.2537 | 115.089 
InterfModel=1 15 | 135.966 | 133.556 | 125.984 | 63.9856 | 108.545 
InterfModel=1 16 | 131.316 | 128.271 | 123.89 | 65.2479 | 116.833 
InterfModel=1 17 | 132.162 | 136.753 | 122.13 | 69.9359 | 109.655 
InterfModel=1 18 | 131.483 | 134.003 | 132.827 | 68.0742 | 102.38 
InterfModel=1 19 | 137.952 | 133.794 | 106.232 | 69.7103 | 105.769 
InterfModel=1 20 | 133.416 | 132.227 | 122.902 | 68.3112 | 115.492 
InterfModel=1 21 | 136.191 | 134.056 | 117.088 | 65.1045 | 115.659 
InterfModel=1 22 | 137.719 | 133.696 | 107.631 | 66.7255 | 117.678 
InterfModel=1 23 | 131.723 | 131.844 | 116.625 | 64.9641 | 115.189 
InterfModel=1 24 | 131.059 | 134.299 | 113.659 | 66.014 | 115.313 
InterfModel=1 25 | 135.16 | 137.61 | 128.74 | 66.4185 | 114.782 
InterfModel=1 26 | 137.332 | 131.966 | 108.098 | 68.222 | 115.197 
InterfModel=1 27 | 139.136 | 133.295 | 100.433 | 70.4724 | 113.646 
InterfModel=1 28 | 134.056 | 133.763 | 105.28 | 67.7183 | 121.969 
InterfModel=1 29 | 132.527 | 132.586 | 115.749 | 64.0497 | 117.907 
InterfModel=1 30 | 144.85 | 134.141 | 111.358 | 68.731 | 115.624 
InterfModel=1 31 | 127.237 | 135.063 | 116.428 | 66.7618 | 120.519 
InterfModel=1 32 | 129.233 | 133.995 | 131.611 | 68.0881 | 109.147 
InterfModel=1 33 | 135.52 | 131.743 | 116.071 | 69.5147 | 115.372 
InterfModel=1 34 | 134.147 | 136.342 | 106.465 | 66.8162 | 115.008 
InterfModel=1 35 | 140.075 | 133.235 | 124.607 | 66.7731 | 107.803 
InterfModel=1 36 | 133.297 | 132.093 | 111.672 | 67.6999 | 120.488 
InterfModel=1 37 | 137.695 | 131.711 | 120.045 | 69.7154 | 109.024 
InterfModel=1 38 | 133.28 | 134.186 | 111.74 | 68.4462 | 125.256 
InterfModel=1 39 | 134.196 | 134.97 | 103.764 | 66.3185 | 112.494 
InterfModel=1 40 | 137.616 | 130.68 | 108.389 | 67.6476 | 108.421 
InterfModel=1 41 | 128.487 | 137.631 | 108.706 | 68.0851 | 117.127 
InterfModel=1 42 | 136.555 | 130.034 | 113.105 | 65.8216 | 130.419 
InterfModel=1 43 | 137.873 | 132.989 | 113.407 | 68.5283 | 116.758 
InterfModel=1 44 | 143.006 | 135.066 | 116.527 | 70.6182 | 109.395 
InterfModel=1 45 | 132.762 | 132.607 | 120.772 | 70.2435 | 103.944 
InterfModel=1 46 | 131.522 | 134.252 | 115.077 | 67.3414 | 116.094 
InterfModel=1 47 | 135.681 | 133.684 | 104.699 | 67.6712 | 116.719 
InterfModel=1 48 | 145.118 | 134.489 | 107.638 | 68.2183 | 110.078 
InterfModel=1 49 | 135.755 | 135.686 | 121.297 | 66.0384 | 118.523 
InterfModel=1 50 | 132.06 | 133.016 | 113.045 | 68.7616 | 117.273 
InterfModel=1 51 | 140.041 | 133.977 | 108.093 | 66.8686 | 117.905 
InterfModel=1 52 | 131.019 | 134.394 | 118.487 | 67.5695 | 109.741 
InterfModel=1 53 | 138.781 | 134.443 | 114.955 | 66.4064 | 109.697 
InterfModel=1 54 | 140.891 | 131.695 | 134.75 | 64.2577 | 109.751 
InterfModel=1 55 | 131.33 | 136.246 | 106.608 | 69.6297 | 117.091 
InterfModel=1 56 | 128.675 | 135.189 | 104.396 | 66.7239 | 112.397 
InterfModel=1 57 | 137.186 | 129.663 | 104.601 | 64.4895 | 116.389 
InterfModel=1 58 | 142.875 | 133.486 | 103.224 | 67.1706 | 116.081 
InterfModel=1 59 | 131.135 | 130.509 | 128.304 | 66.1604 | 107.026 
InterfModel=1 60 | 129.772 | 133.492 | 132.309 | 65.7179 | 97.72 
InterfModel=1 61 | 127.172 | 134.107 | 100.076 | 70.5976 | 117.727 
InterfModel=1 62 | 129.492 | 133.909 | 117.636 | 66.9918 | 117.591 
InterfModel=1 63 | 135.971 | 134.175 | 107.49 | 67.0819 | 110.525 
InterfModel=1 64 | 127.532 | 135.604 | 121.72 | 67.1148 | 118.833 
InterfModel=1 65 | 128.9 | 135.626 | 111.893 | 67.3649 | 134.104 
InterfModel=1 66 | 133.771 | 132.876 | 120.18 | 63.8228 | 118.648 
InterfModel=1 67 | 136.619 | 132.151 | 119.74 | 72.7749 | 110.268 
InterfModel=1 68 | 135.503 | 135.577 | 116.413 | 64.8008 | 116.712 
InterfModel=1 69 | 137.463 | 133.338 | 139.543 | 70.0393 | 111.642 
InterfModel=1 70 | 141.553 | 130.973 | 114.816 | 68.1867 | 111.055 
InterfModel=1 71 | 133.136 | 136.133 | 119.503 | 68.3762 | 106.789 
InterfModel=1 72 | 132.853 | 136.508 | 120.348 | 63.951 | 112.42 
InterfModel=1 73 | 133.363 | 132.567 | 110.509 | 69.349 | 122.571 
InterfModel=1 74 | 141.048 | 131.957 | 119.773 | 66.1799 | 112.337 
InterfModel=1 75 | 138.737 | 133.393 | 115.919 | 63.7193 | 112.698 
InterfModel=1 76 | 138.859 | 131.957 | 112.885 | 68.5569 | 115.122 
InterfModel=1 77 | 135.086 | 130.851 | 114.368 | 67.9017 | 107.814 
InterfModel=1 78 | 137.229 | 136.052 | 138.365 | 68.6484 | 105.473 
InterfModel=1 79 | 139.166 | 133.171 | 110.672 | 65.6962 | 108.585 
InterfModel=1 80 | 132.235 | 133.83 | 111.299 | 68.1148 | 103.558 
InterfModel=1 81 | 134.854 | 133.458 | 116.481 | 67.5282 | 109.175 
InterfModel=1 82 | 136.804 | 130.591 | 109.281 | 68.5982 | 116.757 
InterfModel=1 83 | 132.744 | 133.263 | 125.905 | 61.8275 | 121.248 
InterfModel=1 84 | 133.183 | 134.098 | 111.911 | 63.9639 | 120.451 
InterfModel=1 85 | 130.48 | 132.033 | 123.279 | 68.5577 | 112.182 
InterfModel=1 86 | 136.613 | 133.791 | 121.549 | 65.9401 | 107.529 
InterfModel=1 87 | 128.221 | 133.52 | 125.344 | 65.7405 | 118.602 
InterfModel=1 88 | 142.569 | 131.675 | 116.871 | 71.6908 | 106.957 
InterfModel=1 89 | 142.369 | 133.252 | 131.274 | 66.6311 | 115.233 
InterfModel=1 90 | 133.274 | 134.068 | 127.258 | 67.2759 | 106.791 
InterfModel=1 91 | 135.577 | 131.168 | 112.934 | 64.6384 | 124.024 
InterfModel=1 92 | 135.781 | 131.481 | 112.317 | 66.8678 | 121.039 
InterfModel=1 93 | 132.742 | 131.065 | 126.676 | 65.9907 | 109.581 
InterfModel=1 94 | 131.777 | 129.55 | 105.942 | 67.1846 | 111.378 
InterfModel=1 95 | 129.203 | 133.02 | 97.3355 | 66.4044 | 112.882 
InterfModel=1 96 | 141.348 | 132.585 | 121.15 | 67.7145 | 105.033 
InterfModel=1 97 | 136.824 | 129.983 | 115.04 | 64.7012 | 107.85 
InterfModel=1 98 | 132.171 | 133.141 | 112.646 | 66.5456 | 120.61 
InterfModel=1 99 | 134.98 | 135.18 | 120.851 | 64.802 | 104.938 
InterfModel=2 0 | 119.367 | 102.222 | 96.848 | 53.6059 | 83.4995 
InterfModel=2 1 | 119.317 | 103.361 | 96.1873 | 50.8647 | 91.9441 
InterfModel=2 2 | 125.264 | 103.138 | 98.5024 | 53.7312 | 76.9571 
InterfModel=2 3 | 122.871 | 104.621 | 109.667 | 53.0565 | 82.7908 
InterfModel=2 4 | 121.919 | 103.552 | 105.814 | 55.0232 | 78.8174 
InterfModel=2 5 | 123.834 | 103.186 | 98.3557 | 52.4519 | 88.8866 
InterfModel=2 6 | 114.717 | 103.07 | 107.736 | 50.744 | 99.3259 
InterfModel=2 7 | 116.837 | 102.779 | 111.894 | 53.1421 | 83.3427 
InterfModel=2 8 | 124.356 | 102.793 | 91.5721 | 51.2713 | 95.4916 
InterfModel=2 9 | 122.346 | 102.725 | 103.737 | 53.084 | 84.9488 
InterfModel=2 10 | 125.825 | 103.769 | 91.8077 | 51.6156 | 83.4068 
InterfModel=2 11 | 114.784 | 103.522 | 91.4114 | 55.9562 | 89.9823 
InterfModel=2 12 | 122.509 | 103.12 | 97.4842 | 50.9888 | 86.3983 
InterfModel=2 13 | 123.809 | 103.849 | 106.935 | 51.9163 | 85.6548 
InterfModel=2 14 | 120.975 | 102.999 | 94.86 | 54.3376 | 88.0925 
InterfModel=2 15 | 123.718 | 103.771 | 115.003 | 54.6054 | 84.1623 
InterfModel=2 16 | 120.179 | 103.192 | 102.797 | 52.4554 | 82.1868 
InterfModel=2 17 | 123.972 | 104.181 | 107.405 | 53.9195 | 77.7096 
InterfModel=2 18 | 126.255 | 102.071 | 98.1264 | 55.9833 | 83.5842 
InterfModel=2 19 | 124.11 | 103.112 | 104.2 | 54.9317 | 85.1884 
InterfModel=2 20 | 120.718 | 103.875 | 101.572 | 53.252 | 88.0667 
InterfModel=2 21 | 120.126 | 103.067 | 95.3218 | 54.7491 | 78.9759 
InterfModel=2 22 | 123.504 | 103.801 | 103.789 | 53.4235 | 87.8302 
InterfModel=2 23 | 121.663 | 103.394 | 96.1079 | 52.1182 | 85.4284 
InterfModel=2 24 | 120.489 | 102.598 | 96.1043 | 54.3085 | 86.5411 
InterfModel=2 25 | 120.573 | 103.594 | 98.7226 | 50.005 | 86.1411 
InterfModel=2 26 | 123.155 | 102.505 | 101.124 | 52.7081 | 88.2125 
InterfModel=2 27 | 125.475 | 103.713 | 92.4469 | 52.3221 | 86.0823 
InterfModel=2 28 | 116.848 | 104.122 | 93.6214 | 56.7617 | 76.5877 
InterfModel=2 29 | 124.565 | 103.155 | 98.033 | 53.1128 | 84.9741 
InterfModel=2 30 | 121.779 | 103.277 | 97.2594 | 51.8414 | 82.1128 
InterfModel=2 31 | 116.24 | 103.531 | 97.0589 | 52.6462 | 84.6661 
InterfModel=2 32 | 122.941 | 102.691 | 96.1994 | 52.3755 | 89.5735 
InterfModel=2 33 | 120.337 | 103.573 | 94.3101 | 53.8153 | 92.0405 
InterfModel=2 34 | 118.212 | 103.7 | 94.2348 | 52.5714 | 82.075 
InterfModel=2 35 | 122.308 | 103.158 | 103.317 | 55.2824 | 87.5678 
InterfModel=2 36 | 116.444 | 103.54 | 106.646 | 53.292 | 80.3472 
InterfModel=2 37 | 113.84 | 101.894 | 104.254 | 54.2371 | 83.8215 
InterfModel=2 38 | 114.704 | 103.486 | 96.9718 | 53.5467 | 81.1345 
InterfModel=2 39 | 125.063 | 101.658 | 96.7733 | 54.8152 | 81.8559 
InterfModel=2 40 | 117.765 | 104.105 | 98.6869 | 53.8579 | 84.3222 
InterfModel=2 41 | 120.987 | 102.912 | 99.9808 | 52.367 | 85.6205 
InterfModel=2 42 | 126.665 | 103.875 | 101.064 | 53.4559 | 77.2721 
InterfModel=2 43 | 121.65 | 104.129 | 101.998 | 54.3279 | 77.4158 
InterfModel=2 44 | 118.855 | 103.114 | 95.1344 | 53.2888 | 82.4523 
InterfModel=2 45 | 124.818 | 103.38 | 96.7915 | 51.1451 | 85.6289 
InterfModel=2 46 | 119.585 | 102.423 | 96.0883 | 52.3413 | 97.7465 
InterfModel=2 47 | 120.05 | 102.663 | 98.7648 | 50.6552 | 85.2491 
InterfModel=2 48 | 124.36 | 102.456 | 94.0794 | 52.1183 | 88.6086 
InterfModel=2 49 | 127.452 | 102.706 | 99.1584 | 51.4287 | 86.9061 
InterfModel=2 50 | 120.086 | 103.095 | 96.6832 | 53.0554 | 88.9363 
InterfModel=2 51 | 117.315 | 103.091 | 100.209 | 51.9121 | 72.7871 
InterfModel=2 52 | 114.782 | 102.375 | 104.778 | 52.955 | 84.9111 
InterfModel=2 53 | 127.411 | 103.289 | 110.887 | 52.5878 | 83.7475 
InterfModel=2 54 | 121.996 | 103.206 | 97.0301 | 52.3545 | 83.6533 
InterfModel=2 55 | 119.995 | 103.568 | 96.5682 | 53.1042 | 84.1492 
InterfModel=2 56 | 117.842 | 102.213 | 96.3107 | 53.4422 | 86.0531 
InterfModel=2 57 | 122.128 | 103.641 | 100.785 | 53.8647 | 87.6836 
InterfModel=2 58 | 120.488 | 102.916 | 104.571 | 53.7228 | 88.2222 
InterfModel=2 59 | 116.892 | 103.593 | 102.699 | 52.1474 | 77.7947 
InterfModel=2 60 | 125.467 | 102.566 | 95.2472 | 53.916 | 88.428 
InterfModel=2 61 | 116.873 | 104.099 | 96.1869 | 53.7413 | 91.0229 
InterfModel=2 62 | 118.06 | 102.719 | 96.272 | 53.8554 | 81.3576 
InterfModel=2 63 | 119.665 | 102.654 | 107.696 | 53.7247 | 81.8825 
InterfModel=2 64 | 118.037 | 102.694 | 97.4685 | 54.1405 | 86.3259 
InterfModel=2 65 | 124.831 | 102.187 | 106.175 | 56.6828 | 79.2846 
InterfModel=2 66 | 123.399 | 103.689 | 94.4801 | 54.2327 | 87.5967 
InterfModel=2 67 | 118.967 | 103.73 | 97.7097 | 53.7025 | 87.7471 
InterfModel=2 68 | 121.03 | 102.978 | 103.509 | 54.0873 | 80.0744 
InterfModel=2 69 | 123.425 | 102.779 | 103.497 | 51.7575 | 75.9213 
InterfModel=2 70 | 121.342 | 103.798 | 105.011 | 54.527 | 76.7693 
InterfModel=2 71 | 117.472 | 103.681 | 101.241 | 53.7595 | 79.9372 
InterfModel=2 72 | 121.127 | 103.061 | 104.017 | 54.415 | 80.1545 
InterfModel=2 73 | 127.494 | 104.554 | 105.791 | 53.6767 | 86.6056 
InterfModel=2 74 | 120.395 | 103.267 | 115.025 | 52.0455 | 77.9815 
InterfModel=2 75 | 115.204 | 103.07 | 95.1651 | 53.5322 | 83.4116 
InterfModel=2 76 | 122.374 | 103.474 | 95.0215 | 51.8073 | 85.4292 
InterfModel=2 77 | 116.227 | 103.686 | 113.822 | 53.1595 | 86.4406 
InterfModel=2 78 | 124.272 | 102.763 | 110.35 | 53.6484 | 83.6022 
InterfModel=2 79 | 121.652 | 103.191 | 103.039 | 53.8325 | 89.8959 
InterfModel=2 80 | 120.29 | 103.777 | 100.606 | 53.6593 | 82.2027 
InterfModel=2 81 | 127.699 | 104.14 | 95.5365 | 53.0073 | 83.7763 
InterfModel=2 82 | 122.108 | 103.327 | 108.033 | 51.8992 | 87.9155 
InterfModel=2 83 | 125.302 | 102.004 | 98.8583 | 53.9541 | 90.1283 
InterfModel=2 84 | 112.168 | 103.449 | 93.3469 | 52.401 | 102.736 
InterfModel=2 85 | 115.521 | 102.619 | 103.559 | 53.3984 | 83.9144 
InterfModel=2 86 | 131.056 | 103.668 | 103.565 | 55.7321 | 80.6293 
InterfModel=2 87 | 115.935 | 103.287 | 98.1891 | 51.8648 | 90.9029 
InterfModel=2 88 | 115.615 | 102.802 | 105.573 | 53.7069 | 83.6145 
InterfModel=2 89 | 120.579 | 103.402 | 92.4339 | 52.108 | 93.9149 
InterfModel=2 90 | 118.233 | 102.62 | 102.787 | 53.7459 | 80.691 
InterfModel=2 91 | 123.318 | 102.269 | 93.5657 | 52.2418 | 90.854 
InterfModel=2 92 | 123.832 | 104.054 | 103.297 | 55.6688 | 84.219 
InterfModel=2 93 | 122.735 | 103.855 | 110.247 | 50.2634 | 87.7647 
InterfModel=2 94 | 115.367 | 102.524 | 103.037 | 50.1054 | 89.996 
InterfModel=2 95 | 120.047 | 103.193 | 101.857 | 56.8795 | 81.8471 
InterfModel=2 96 | 119.669 | 102.847 | 109.802 | 50.9199 | 88.5745 
InterfModel=2 97 | 119.349 | 103.189 | 85.8927 | 52.1267 | 84.8298 
InterfModel=2 98 | 118.808 | 102.498 | 95.573 | 54.2349 | 84.0022 
InterfModel=2 99 | 122.887 | 102.695 | 99.3286 | 55.1371 | 81.6954 

