CastaliaResults -i saida.txt -s Packets loss rate -n --all -o2                                                               

Application:Packets loss rate - total
 | index=1 | index=2 | index=3 | index=4 | index=5
InterfModel=0 | 0.206 | 0.084 | 0.299 | 0.27 | 0.453 
InterfModel=1 | 0.362 | 0.271 | 0.481 | 0.481 | 0.695 
InterfModel=2 | 0.289 | 0.057 | 0.404 | 0.344 | 0.593 
Application:Packets loss rate - all values
 | index=1 | index=2 | index=3 | index=4 | index=5
InterfModel=0 0 | 0.202401 | 0.0820273 | 0.280729 | 0.269236 | 0.461128 
InterfModel=0 1 | 0.183061 | 0.0876959 | 0.285841 | 0.247233 | 0.460328 
InterfModel=0 2 | 0.220407 | 0.0860287 | 0.268504 | 0.2544 | 0.458461 
InterfModel=0 3 | 0.234078 | 0.0910304 | 0.342076 | 0.255367 | 0.44846 
InterfModel=0 4 | 0.196732 | 0.0843614 | 0.319404 | 0.234863 | 0.455455 
InterfModel=0 5 | 0.205068 | 0.0850284 | 0.259613 | 0.266969 | 0.442785 
InterfModel=0 6 | 0.190397 | 0.0846949 | 0.285174 | 0.27417 | 0.445793 
InterfModel=0 7 | 0.193731 | 0.0833611 | 0.294954 | 0.245633 | 0.478064 
InterfModel=0 8 | 0.219073 | 0.0806935 | 0.273616 | 0.258835 | 0.443526 
InterfModel=0 9 | 0.195065 | 0.0970324 | 0.282507 | 0.291106 | 0.442726 
InterfModel=0 10 | 0.199733 | 0.0836667 | 0.31607 | 0.29888 | 0.437125 
InterfModel=0 11 | 0.191064 | 0.0843614 | 0.334297 | 0.227364 | 0.504601 
InterfModel=0 12 | 0.205068 | 0.0853618 | 0.310069 | 0.252034 | 0.465529 
InterfModel=0 13 | 0.210737 | 0.0876959 | 0.327406 | 0.258568 | 0.443985 
InterfModel=0 14 | 0.191064 | 0.0883628 | 0.331407 | 0.250167 | 0.45326 
InterfModel=0 15 | 0.219333 | 0.0883628 | 0.322072 | 0.278437 | 0.446993 
InterfModel=0 16 | 0.197399 | 0.0846949 | 0.291176 | 0.314617 | 0.470463 
InterfModel=0 17 | 0.223741 | 0.0860287 | 0.280507 | 0.29968 | 0.439659 
InterfModel=0 18 | 0.211737 | 0.0833611 | 0.274789 | 0.246433 | 0.486065 
InterfModel=0 19 | 0.208333 | 0.0770257 | 0.324739 | 0.262968 | 0.418856 
InterfModel=0 20 | 0.189063 | 0.078026 | 0.31896 | 0.280875 | 0.441259 
InterfModel=0 21 | 0.21007 | 0.0880293 | 0.344889 | 0.252201 | 0.45052 
InterfModel=0 22 | 0.203401 | 0.0883333 | 0.310958 | 0.273333 | 0.453454 
InterfModel=0 23 | 0.215072 | 0.0893631 | 0.258946 | 0.299107 | 0.465057 
InterfModel=0 24 | 0.205402 | 0.0836946 | 0.304734 | 0.281638 | 0.426324 
InterfModel=0 25 | 0.211737 | 0.0736912 | 0.318515 | 0.284838 | 0.443392 
InterfModel=0 26 | 0.199066 | 0.0773591 | 0.282063 | 0.270169 | 0.447926 
InterfModel=0 27 | 0.205735 | 0.0876667 | 0.304957 | 0.260568 | 0.470729 
InterfModel=0 28 | 0.216333 | 0.0860287 | 0.299178 | 0.26247 | 0.432458 
InterfModel=0 29 | 0.192064 | 0.0830277 | 0.277395 | 0.261368 | 0.469396 
InterfModel=0 30 | 0.211737 | 0.0763588 | 0.290064 | 0.222133 | 0.476063 
InterfModel=0 31 | 0.216405 | 0.0766922 | 0.303623 | 0.283904 | 0.433791 
InterfModel=0 32 | 0.213404 | 0.0790263 | 0.304957 | 0.291411 | 0.456327 
InterfModel=0 33 | 0.198066 | 0.0953651 | 0.254279 | 0.263902 | 0.468329 
InterfModel=0 34 | 0.208069 | 0.084028 | 0.275395 | 0.272036 | 0.437925 
InterfModel=0 35 | 0.232077 | 0.0783594 | 0.281174 | 0.264569 | 0.481131 
InterfModel=0 36 | 0.197667 | 0.0843614 | 0.278506 | 0.245766 | 0.478528 
InterfModel=0 37 | 0.204068 | 0.0793598 | 0.284285 | 0.240032 | 0.467662 
InterfModel=0 38 | 0.204735 | 0.0953651 | 0.280062 | 0.258933 | 0.469529 
InterfModel=0 39 | 0.21874 | 0.0793598 | 0.278951 | 0.299107 | 0.437125 
InterfModel=0 40 | 0.21007 | 0.0833611 | 0.314959 | 0.2904 | 0.456522 
InterfModel=0 41 | 0.21974 | 0.0890297 | 0.27984 | 0.285638 | 0.427714 
InterfModel=0 42 | 0.204401 | 0.0830277 | 0.300511 | 0.245099 | 0.458728 
InterfModel=0 43 | 0.191731 | 0.0856667 | 0.284952 | 0.301067 | 0.424057 
InterfModel=0 44 | 0.208736 | 0.0783594 | 0.302 | 0.272206 | 0.447526 
InterfModel=0 45 | 0.204735 | 0.0823608 | 0.302444 | 0.291506 | 0.440459 
InterfModel=0 46 | 0.177392 | 0.0793598 | 0.341409 | 0.2511 | 0.459395 
InterfModel=0 47 | 0.223074 | 0.087029 | 0.294288 | 0.287905 | 0.428324 
InterfModel=0 48 | 0.187062 | 0.0793333 | 0.305179 | 0.258069 | 0.495866 
InterfModel=0 49 | 0.205735 | 0.0820273 | 0.322738 | 0.245366 | 0.454061 
InterfModel=0 50 | 0.197733 | 0.0836946 | 0.290287 | 0.268605 | 0.440918 
InterfModel=0 51 | 0.207736 | 0.0820273 | 0.275839 | 0.2498 | 0.447453 
InterfModel=0 52 | 0.212404 | 0.0860287 | 0.296667 | 0.236565 | 0.481398 
InterfModel=0 53 | 0.198667 | 0.0896966 | 0.33074 | 0.239099 | 0.470329 
InterfModel=0 54 | 0.184395 | 0.0850284 | 0.331185 | 0.284838 | 0.413655 
InterfModel=0 55 | 0.212071 | 0.0813605 | 0.316737 | 0.294573 | 0.445259 
InterfModel=0 56 | 0.212404 | 0.0943648 | 0.271838 | 0.252034 | 0.442667 
InterfModel=0 57 | 0.214738 | 0.0833611 | 0.27784 | 0.265635 | 0.464862 
InterfModel=0 58 | 0.204401 | 0.0710237 | 0.308444 | 0.269503 | 0.443259 
InterfModel=0 59 | 0.216739 | 0.0856952 | 0.241609 | 0.27217 | 0.444785 
InterfModel=0 60 | 0.202734 | 0.0766922 | 0.264726 | 0.231898 | 0.47433 
InterfModel=0 61 | 0.186729 | 0.0830277 | 0.303401 | 0.272436 | 0.465057 
InterfModel=0 62 | 0.195732 | 0.0850284 | 0.346744 | 0.249633 | 0.487398 
InterfModel=0 63 | 0.214 | 0.0793598 | 0.316889 | 0.239365 | 0.491132 
InterfModel=0 64 | 0.220073 | 0.0843614 | 0.310513 | 0.264435 | 0.453927 
InterfModel=0 65 | 0.200067 | 0.0836946 | 0.315848 | 0.3056 | 0.432458 
InterfModel=0 66 | 0.213071 | 0.0803601 | 0.291556 | 0.27137 | 0.461262 
InterfModel=0 67 | 0.21107 | 0.0813605 | 0.29651 | 0.258835 | 0.479664 
InterfModel=0 68 | 0.221741 | 0.0836946 | 0.287175 | 0.286972 | 0.43705 
InterfModel=0 69 | 0.202734 | 0.0836946 | 0.306513 | 0.27297 | 0.494066 
InterfModel=0 70 | 0.197733 | 0.0993664 | 0.294954 | 0.27474 | 0.441526 
InterfModel=0 71 | 0.1994 | 0.087029 | 0.300289 | 0.295773 | 0.441526 
InterfModel=0 72 | 0.218406 | 0.0773591 | 0.276284 | 0.282667 | 0.457261 
InterfModel=0 73 | 0.214738 | 0.0820273 | 0.308513 | 0.283333 | 0.426247 
InterfModel=0 74 | 0.206402 | 0.0783594 | 0.299622 | 0.274437 | 0.454121 
InterfModel=0 75 | 0.200067 | 0.0913333 | 0.297177 | 0.296973 | 0.45206 
InterfModel=0 76 | 0.200067 | 0.0826942 | 0.317182 | 0.289239 | 0.441792 
InterfModel=0 77 | 0.192397 | 0.0823333 | 0.280285 | 0.27577 | 0.475333 
InterfModel=0 78 | 0.206402 | 0.0863621 | 0.266667 | 0.281104 | 0.4664 
InterfModel=0 79 | 0.215072 | 0.0843614 | 0.3503 | 0.261235 | 0.421256 
InterfModel=0 80 | 0.204401 | 0.0893631 | 0.250278 | 0.259101 | 0.459261 
InterfModel=0 81 | 0.197733 | 0.0776926 | 0.271171 | 0.268969 | 0.469929 
InterfModel=0 82 | 0.220667 | 0.0766922 | 0.307402 | 0.280208 | 0.448593 
InterfModel=0 83 | 0.212738 | 0.0726909 | 0.2994 | 0.293412 | 0.463395 
InterfModel=0 84 | 0.216 | 0.0860287 | 0.270949 | 0.288305 | 0.436592 
InterfModel=0 85 | 0.196065 | 0.082 | 0.32585 | 0.294839 | 0.425447 
InterfModel=0 86 | 0.200067 | 0.0820273 | 0.348966 | 0.237333 | 0.452327 
InterfModel=0 87 | 0.212071 | 0.0956666 | 0.259613 | 0.276207 | 0.466729 
InterfModel=0 88 | 0.203735 | 0.0856952 | 0.271616 | 0.288705 | 0.419445 
InterfModel=0 89 | 0.222741 | 0.0783594 | 0.343556 | 0.2652 | 0.440533 
InterfModel=0 90 | 0.226742 | 0.0790263 | 0.335852 | 0.261502 | 0.456994 
InterfModel=0 91 | 0.195732 | 0.0786929 | 0.318293 | 0.265538 | 0.456728 
InterfModel=0 92 | 0.1994 | 0.0946667 | 0.312292 | 0.294439 | 0.434591 
InterfModel=0 93 | 0.192064 | 0.0863621 | 0.298289 | 0.29928 | 0.466062 
InterfModel=0 94 | 0.196732 | 0.0803601 | 0.33363 | 0.246433 | 0.455794 
InterfModel=0 95 | 0.210737 | 0.0770257 | 0.270949 | 0.27657 | 0.460195 
InterfModel=0 96 | 0.207667 | 0.084028 | 0.307402 | 0.267636 | 0.42659 
InterfModel=0 97 | 0.199066 | 0.0876959 | 0.306957 | 0.285105 | 0.428457 
InterfModel=0 98 | 0.212333 | 0.0783333 | 0.333185 | 0.250467 | 0.469325 
InterfModel=0 99 | 0.206069 | 0.0936979 | 0.2994 | 0.27817 | 0.419445 
InterfModel=1 0 | 0.366122 | 0.262087 | 0.459658 | 0.490199 | 0.694852 
InterfModel=1 1 | 0.374792 | 0.274758 | 0.463881 | 0.493132 | 0.687783 
InterfModel=1 2 | 0.368333 | 0.277092 | 0.447433 | 0.485931 | 0.717296 
InterfModel=1 3 | 0.348116 | 0.263421 | 0.504334 | 0.468658 | 0.682358 
InterfModel=1 4 | 0.342 | 0.252667 | 0.466326 | 0.464595 | 0.71059 
InterfModel=1 5 | 0.370457 | 0.247082 | 0.528784 | 0.471059 | 0.687158 
InterfModel=1 6 | 0.346782 | 0.272 | 0.516559 | 0.461467 | 0.695026 
InterfModel=1 7 | 0.360787 | 0.273091 | 0.497666 | 0.483131 | 0.690225 
InterfModel=1 8 | 0.389463 | 0.268756 | 0.508557 | 0.462257 | 0.689292 
InterfModel=1 9 | 0.356452 | 0.277092 | 0.490776 | 0.457794 | 0.712495 
InterfModel=1 10 | 0.36012 | 0.274758 | 0.479662 | 0.479861 | 0.700893 
InterfModel=1 11 | 0.342447 | 0.274425 | 0.479662 | 0.500133 | 0.697826 
InterfModel=1 12 | 0.37846 | 0.272091 | 0.451656 | 0.492066 | 0.705294 
InterfModel=1 13 | 0.363121 | 0.268423 | 0.44321 | 0.496266 | 0.702227 
InterfModel=1 14 | 0.332444 | 0.27876 | 0.468326 | 0.464329 | 0.704761 
InterfModel=1 15 | 0.372791 | 0.272091 | 0.503445 | 0.463528 | 0.678624 
InterfModel=1 16 | 0.348116 | 0.245415 | 0.479218 | 0.466996 | 0.702321 
InterfModel=1 17 | 0.356786 | 0.288429 | 0.501222 | 0.494333 | 0.697026 
InterfModel=1 18 | 0.344115 | 0.272424 | 0.524116 | 0.487532 | 0.652087 
InterfModel=1 19 | 0.364121 | 0.272424 | 0.470994 | 0.499066 | 0.682982 
InterfModel=1 20 | 0.371791 | 0.267089 | 0.493665 | 0.482598 | 0.693292 
InterfModel=1 21 | 0.358453 | 0.277426 | 0.490998 | 0.461856 | 0.692759 
InterfModel=1 22 | 0.364121 | 0.272091 | 0.446889 | 0.463929 | 0.702267 
InterfModel=1 23 | 0.347449 | 0.267422 | 0.496777 | 0.468462 | 0.693959 
InterfModel=1 24 | 0.34945 | 0.275425 | 0.493888 | 0.479797 | 0.712762 
InterfModel=1 25 | 0.36879 | 0.295432 | 0.510113 | 0.47673 | 0.696452 
InterfModel=1 26 | 0.371791 | 0.262087 | 0.438986 | 0.4982 | 0.694226 
InterfModel=1 27 | 0.374792 | 0.269423 | 0.451211 | 0.501534 | 0.700533 
InterfModel=1 28 | 0.360787 | 0.271424 | 0.458324 | 0.485931 | 0.702054 
InterfModel=1 29 | 0.355452 | 0.265088 | 0.480329 | 0.452594 | 0.704094 
InterfModel=1 30 | 0.372458 | 0.274667 | 0.467215 | 0.4992 | 0.703694 
InterfModel=1 31 | 0.356 | 0.280093 | 0.472327 | 0.469796 | 0.706855 
InterfModel=1 32 | 0.356786 | 0.275425 | 0.519004 | 0.494333 | 0.680267 
InterfModel=1 33 | 0.359453 | 0.265755 | 0.463881 | 0.4978 | 0.698226 
InterfModel=1 34 | 0.362121 | 0.288429 | 0.45699 | 0.483531 | 0.710228 
InterfModel=1 35 | 0.381127 | 0.271757 | 0.492109 | 0.48773 | 0.689292 
InterfModel=1 36 | 0.345115 | 0.262754 | 0.484997 | 0.491132 | 0.707828 
InterfModel=1 37 | 0.37079 | 0.267089 | 0.492998 | 0.499 | 0.681467 
InterfModel=1 38 | 0.346782 | 0.272758 | 0.464992 | 0.495065 | 0.720096 
InterfModel=1 39 | 0.365455 | 0.280093 | 0.464548 | 0.480197 | 0.69 
InterfModel=1 40 | 0.387462 | 0.251751 | 0.469111 | 0.483131 | 0.684625 
InterfModel=1 41 | 0.353451 | 0.294098 | 0.465556 | 0.488598 | 0.702627 
InterfModel=1 42 | 0.351784 | 0.255085 | 0.4481 | 0.476667 | 0.715657 
InterfModel=1 43 | 0.37946 | 0.267756 | 0.46277 | 0.475263 | 0.694493 
InterfModel=1 44 | 0.384795 | 0.281427 | 0.518782 | 0.506068 | 0.682491 
InterfModel=1 45 | 0.354118 | 0.264088 | 0.467882 | 0.503201 | 0.689959 
InterfModel=1 46 | 0.349116 | 0.274425 | 0.486108 | 0.484598 | 0.696986 
InterfModel=1 47 | 0.356452 | 0.274091 | 0.463333 | 0.479995 | 0.69916 
InterfModel=1 48 | 0.394465 | 0.278093 | 0.469882 | 0.481264 | 0.695693 
InterfModel=1 49 | 0.366667 | 0.27976 | 0.494332 | 0.474997 | 0.703827 
InterfModel=1 50 | 0.355452 | 0.270667 | 0.474444 | 0.4982 | 0.689825 
InterfModel=1 51 | 0.382794 | 0.279 | 0.433207 | 0.469396 | 0.711695 
InterfModel=1 52 | 0.363121 | 0.277092 | 0.472549 | 0.484065 | 0.707961 
InterfModel=1 53 | 0.368456 | 0.277759 | 0.503333 | 0.474197 | 0.691292 
InterfModel=1 54 | 0.372458 | 0.263421 | 0.527556 | 0.454994 | 0.679067 
InterfModel=1 55 | 0.358786 | 0.287333 | 0.478329 | 0.493266 | 0.69716 
InterfModel=1 56 | 0.346115 | 0.27876 | 0.477217 | 0.479131 | 0.693826 
InterfModel=1 57 | 0.383461 | 0.255752 | 0.456768 | 0.461856 | 0.713962 
InterfModel=1 58 | 0.394131 | 0.270423 | 0.440542 | 0.479397 | 0.69912 
InterfModel=1 59 | 0.359453 | 0.258086 | 0.511892 | 0.471726 | 0.675423 
InterfModel=1 60 | 0.351451 | 0.273758 | 0.51567 | 0.494866 | 0.658488 
InterfModel=1 61 | 0.357453 | 0.275092 | 0.418444 | 0.507668 | 0.709695 
InterfModel=1 62 | 0.355452 | 0.277092 | 0.487664 | 0.476533 | 0.698493 
InterfModel=1 63 | 0.362788 | 0.275425 | 0.463436 | 0.48813 | 0.694852 
InterfModel=1 64 | 0.341114 | 0.283428 | 0.481885 | 0.490999 | 0.691826 
InterfModel=1 65 | 0.352117 | 0.28076 | 0.476106 | 0.492999 | 0.733564 
InterfModel=1 66 | 0.336667 | 0.267422 | 0.51078 | 0.450593 | 0.706361 
InterfModel=1 67 | 0.358786 | 0.261754 | 0.498444 | 0.509935 | 0.676224 
InterfModel=1 68 | 0.360787 | 0.280427 | 0.479884 | 0.457455 | 0.700093 
InterfModel=1 69 | 0.362788 | 0.270333 | 0.537008 | 0.506734 | 0.686491 
InterfModel=1 70 | 0.374458 | 0.260333 | 0.460991 | 0.48693 | 0.694893 
InterfModel=1 71 | 0.360453 | 0.284428 | 0.503445 | 0.488598 | 0.682091 
InterfModel=1 72 | 0.343114 | 0.287429 | 0.499222 | 0.456061 | 0.693292 
InterfModel=1 73 | 0.366789 | 0.267756 | 0.488331 | 0.497133 | 0.704188 
InterfModel=1 74 | 0.36979 | 0.264421 | 0.477439 | 0.474267 | 0.699333 
InterfModel=1 75 | 0.377126 | 0.269423 | 0.495111 | 0.451527 | 0.688317 
InterfModel=1 76 | 0.373458 | 0.268089 | 0.457213 | 0.482529 | 0.69756 
InterfModel=1 77 | 0.375792 | 0.260667 | 0.482996 | 0.482198 | 0.694359 
InterfModel=1 78 | 0.370123 | 0.286095 | 0.517671 | 0.492732 | 0.67489 
InterfModel=1 79 | 0.368123 | 0.269423 | 0.457657 | 0.471796 | 0.695959 
InterfModel=1 80 | 0.351451 | 0.268756 | 0.488217 | 0.499 | 0.670089 
InterfModel=1 81 | 0.354785 | 0.270333 | 0.466993 | 0.480128 | 0.677824 
InterfModel=1 82 | 0.365122 | 0.253418 | 0.451434 | 0.504133 | 0.695252 
InterfModel=1 83 | 0.349116 | 0.272424 | 0.508 | 0.445659 | 0.704094 
InterfModel=1 84 | 0.35912 | 0.273091 | 0.457657 | 0.454254 | 0.715562 
InterfModel=1 85 | 0.359667 | 0.264421 | 0.48433 | 0.500733 | 0.700093 
InterfModel=1 86 | 0.365789 | 0.27109 | 0.485886 | 0.469529 | 0.679024 
InterfModel=1 87 | 0.330777 | 0.274091 | 0.486883 | 0.473326 | 0.703294 
InterfModel=1 88 | 0.386796 | 0.262421 | 0.483885 | 0.509268 | 0.689025 
InterfModel=1 89 | 0.372791 | 0.269423 | 0.520338 | 0.4828 | 0.680181 
InterfModel=1 90 | 0.349783 | 0.274425 | 0.510558 | 0.481798 | 0.670045 
InterfModel=1 91 | 0.372124 | 0.25942 | 0.48433 | 0.45206 | 0.70356 
InterfModel=1 92 | 0.369123 | 0.260754 | 0.470549 | 0.486332 | 0.718896 
InterfModel=1 93 | 0.358119 | 0.258667 | 0.514114 | 0.474393 | 0.688892 
InterfModel=1 94 | 0.358453 | 0.249416 | 0.46966 | 0.480464 | 0.700093 
InterfModel=1 95 | 0.350117 | 0.270757 | 0.436222 | 0.462657 | 0.70196 
InterfModel=1 96 | 0.389333 | 0.266422 | 0.508335 | 0.472526 | 0.691426 
InterfModel=1 97 | 0.364455 | 0.24875 | 0.48433 | 0.453721 | 0.703427 
InterfModel=1 98 | 0.352451 | 0.270423 | 0.477556 | 0.477061 | 0.70076 
InterfModel=1 99 | 0.364121 | 0.282427 | 0.495333 | 0.469263 | 0.67849 
InterfModel=2 0 | 0.277426 | 0.0423474 | 0.387419 | 0.355647 | 0.593892 
InterfModel=2 1 | 0.295765 | 0.0543514 | 0.38164 | 0.317109 | 0.619498 
InterfModel=2 2 | 0.294098 | 0.0596865 | 0.415778 | 0.349913 | 0.551807 
InterfModel=2 3 | 0.290764 | 0.069023 | 0.463214 | 0.333333 | 0.585678 
InterfModel=2 4 | 0.287763 | 0.0583528 | 0.428984 | 0.363782 | 0.584878 
InterfModel=2 5 | 0.297432 | 0.06002 | 0.414981 | 0.315551 | 0.613815 
InterfModel=2 6 | 0.275092 | 0.0543514 | 0.418537 | 0.301774 | 0.64742 
InterfModel=2 7 | 0.271757 | 0.0576667 | 0.427111 | 0.35156 | 0.600347 
InterfModel=2 8 | 0.302434 | 0.057019 | 0.369415 | 0.317376 | 0.614882 
InterfModel=2 9 | 0.291333 | 0.0553518 | 0.419649 | 0.336445 | 0.587945 
InterfModel=2 10 | 0.283094 | 0.0606869 | 0.36497 | 0.331911 | 0.591412 
InterfModel=2 11 | 0.267089 | 0.0583528 | 0.385419 | 0.376184 | 0.594213 
InterfModel=2 12 | 0.295098 | 0.0536845 | 0.392309 | 0.319243 | 0.59928 
InterfModel=2 13 | 0.297432 | 0.0596865 | 0.428984 | 0.332178 | 0.59648 
InterfModel=2 14 | 0.286429 | 0.0536845 | 0.384752 | 0.360981 | 0.598613 
InterfModel=2 15 | 0.286429 | 0.0616872 | 0.433207 | 0.361696 | 0.588879 
InterfModel=2 16 | 0.283761 | 0.0586863 | 0.395643 | 0.342846 | 0.60048 
InterfModel=2 17 | 0.303768 | 0.063021 | 0.447778 | 0.348713 | 0.57381 
InterfModel=2 18 | 0.321107 | 0.0483494 | 0.386753 | 0.371249 | 0.594479 
InterfModel=2 19 | 0.296432 | 0.0566856 | 0.400311 | 0.370983 | 0.587012 
InterfModel=2 20 | 0.278093 | 0.063021 | 0.395643 | 0.359248 | 0.590958 
InterfModel=2 21 | 0.299767 | 0.0560187 | 0.383419 | 0.360667 | 0.575277 
InterfModel=2 22 | 0.288 | 0.06002 | 0.406979 | 0.346092 | 0.58829 
InterfModel=2 23 | 0.307102 | 0.0613538 | 0.390531 | 0.341112 | 0.599947 
InterfModel=2 24 | 0.27976 | 0.0553518 | 0.392754 | 0.352227 | 0.597759 
InterfModel=2 25 | 0.283094 | 0.0546849 | 0.407424 | 0.293945 | 0.617098 
InterfModel=2 26 | 0.282094 | 0.0466822 | 0.405868 | 0.325287 | 0.60288 
InterfModel=2 27 | 0.294098 | 0.0606869 | 0.387197 | 0.3304 | 0.598213 
InterfModel=2 28 | 0.288096 | 0.0603333 | 0.396755 | 0.389919 | 0.565484 
InterfModel=2 29 | 0.289096 | 0.0523508 | 0.399422 | 0.35098 | 0.608614 
InterfModel=2 30 | 0.299767 | 0.0603535 | 0.3992 | 0.328044 | 0.590879 
InterfModel=2 31 | 0.286429 | 0.057019 | 0.396222 | 0.35018 | 0.597146 
InterfModel=2 32 | 0.308103 | 0.0526667 | 0.397111 | 0.333511 | 0.594213 
InterfModel=2 33 | 0.288096 | 0.0563521 | 0.400533 | 0.369783 | 0.611148 
InterfModel=2 34 | 0.282094 | 0.0596865 | 0.390754 | 0.339779 | 0.593679 
InterfModel=2 35 | 0.3001 | 0.0596865 | 0.426539 | 0.362582 | 0.60208 
InterfModel=2 36 | 0.282094 | 0.0576859 | 0.422094 | 0.351514 | 0.57522 
InterfModel=2 37 | 0.26909 | 0.0513505 | 0.414537 | 0.356047 | 0.57362 
InterfModel=2 38 | 0.272424 | 0.0606667 | 0.38653 | 0.34978 | 0.59968 
InterfModel=2 39 | 0.311104 | 0.0483494 | 0.389111 | 0.370183 | 0.5752 
InterfModel=2 40 | 0.279093 | 0.0610203 | 0.39431 | 0.362048 | 0.587012 
InterfModel=2 41 | 0.297099 | 0.0546849 | 0.396088 | 0.346092 | 0.585011 
InterfModel=2 42 | 0.314438 | 0.0683333 | 0.428317 | 0.328977 | 0.564075 
InterfModel=2 43 | 0.307769 | 0.0653551 | 0.431207 | 0.35058 | 0.554741 
InterfModel=2 44 | 0.29143 | 0.0593531 | 0.403645 | 0.347513 | 0.57661 
InterfModel=2 45 | 0.293765 | 0.0563521 | 0.376528 | 0.331155 | 0.607629 
InterfModel=2 46 | 0.289096 | 0.0493498 | 0.381863 | 0.339912 | 0.612563 
InterfModel=2 47 | 0.285095 | 0.0523508 | 0.404757 | 0.314042 | 0.6016 
InterfModel=2 48 | 0.298433 | 0.0513505 | 0.382529 | 0.333511 | 0.609763 
InterfModel=2 49 | 0.298333 | 0.0553518 | 0.411425 | 0.315375 | 0.603547 
InterfModel=2 50 | 0.286429 | 0.055 | 0.398311 | 0.331511 | 0.616698 
InterfModel=2 51 | 0.265755 | 0.054018 | 0.430985 | 0.340312 | 0.566609 
InterfModel=2 52 | 0.259333 | 0.0523508 | 0.414314 | 0.336312 | 0.592212 
InterfModel=2 53 | 0.298433 | 0.0553518 | 0.438986 | 0.342046 | 0.586478 
InterfModel=2 54 | 0.297432 | 0.0610203 | 0.412758 | 0.32831 | 0.594213 
InterfModel=2 55 | 0.282761 | 0.0626876 | 0.366081 | 0.35178 | 0.589679 
InterfModel=2 56 | 0.279093 | 0.0490164 | 0.392976 | 0.35156 | 0.596613 
InterfModel=2 57 | 0.29143 | 0.0546666 | 0.423778 | 0.341512 | 0.595092 
InterfModel=2 58 | 0.273424 | 0.0573524 | 0.410758 | 0.360981 | 0.584556 
InterfModel=2 59 | 0.281427 | 0.0623333 | 0.41387 | 0.330311 | 0.57682 
InterfModel=2 60 | 0.316105 | 0.0506836 | 0.376084 | 0.349733 | 0.613949 
InterfModel=2 61 | 0.274425 | 0.0610203 | 0.387556 | 0.34658 | 0.612348 
InterfModel=2 62 | 0.288429 | 0.0556852 | 0.383641 | 0.345913 | 0.5792 
InterfModel=2 63 | 0.287333 | 0.0516667 | 0.455879 | 0.348046 | 0.582078 
InterfModel=2 64 | 0.278093 | 0.0513505 | 0.36786 | 0.356181 | 0.606028 
InterfModel=2 65 | 0.306667 | 0.0530177 | 0.400533 | 0.394186 | 0.582422 
InterfModel=2 66 | 0.286095 | 0.0606869 | 0.394754 | 0.3576 | 0.583756 
InterfModel=2 67 | 0.288 | 0.0556852 | 0.412536 | 0.340045 | 0.582344 
InterfModel=2 68 | 0.298433 | 0.0573524 | 0.414759 | 0.358715 | 0.577277 
InterfModel=2 69 | 0.294098 | 0.0533511 | 0.418315 | 0.338845 | 0.572343 
InterfModel=2 70 | 0.290764 | 0.0586863 | 0.421205 | 0.365515 | 0.564342 
InterfModel=2 71 | 0.283761 | 0.0620207 | 0.395421 | 0.352267 | 0.582878 
InterfModel=2 72 | 0.291764 | 0.0566667 | 0.413778 | 0.354847 | 0.589412 
InterfModel=2 73 | 0.302434 | 0.0666889 | 0.377417 | 0.341379 | 0.596079 
InterfModel=2 74 | 0.292097 | 0.0553518 | 0.435652 | 0.328488 | 0.567009 
InterfModel=2 75 | 0.275425 | 0.0573524 | 0.374972 | 0.35058 | 0.594613 
InterfModel=2 76 | 0.298766 | 0.0586863 | 0.412981 | 0.322353 | 0.597946 
InterfModel=2 77 | 0.270423 | 0.0626876 | 0.426984 | 0.349647 | 0.594613 
InterfModel=2 78 | 0.310103 | 0.0546849 | 0.43832 | 0.336578 | 0.587545 
InterfModel=2 79 | 0.285762 | 0.0586863 | 0.408313 | 0.34898 | 0.601067 
InterfModel=2 80 | 0.292764 | 0.0580193 | 0.383419 | 0.357067 | 0.580155 
InterfModel=2 81 | 0.304768 | 0.0653551 | 0.387197 | 0.335289 | 0.59728 
InterfModel=2 82 | 0.299433 | 0.0573524 | 0.414092 | 0.322043 | 0.601147 
InterfModel=2 83 | 0.299767 | 0.0496832 | 0.387864 | 0.353914 | 0.617549 
InterfModel=2 84 | 0.243081 | 0.0576859 | 0.374222 | 0.345826 | 0.624483 
InterfModel=2 85 | 0.287429 | 0.0486829 | 0.411869 | 0.347159 | 0.603547 
InterfModel=2 86 | 0.322107 | 0.0603535 | 0.420093 | 0.370499 | 0.581011 
InterfModel=2 87 | 0.268756 | 0.0593531 | 0.41876 | 0.310175 | 0.60136 
InterfModel=2 88 | 0.279426 | 0.0556852 | 0.442543 | 0.351514 | 0.569352 
InterfModel=2 89 | 0.290097 | 0.0603535 | 0.377195 | 0.2964 | 0.641771 
InterfModel=2 90 | 0.284762 | 0.0530177 | 0.40898 | 0.366982 | 0.588478 
InterfModel=2 91 | 0.283667 | 0.0523334 | 0.360747 | 0.337778 | 0.601227 
InterfModel=2 92 | 0.284095 | 0.0656886 | 0.400311 | 0.376317 | 0.57701 
InterfModel=2 93 | 0.303768 | 0.0606869 | 0.417426 | 0.309241 | 0.595867 
InterfModel=2 94 | 0.274091 | 0.0473491 | 0.416537 | 0.302307 | 0.615815 
InterfModel=2 95 | 0.290097 | 0.0560187 | 0.408313 | 0.376667 | 0.587012 
InterfModel=2 96 | 0.281094 | 0.0566856 | 0.428762 | 0.306174 | 0.590824 
InterfModel=2 97 | 0.29043 | 0.057019 | 0.375417 | 0.322267 | 0.585545 
InterfModel=2 98 | 0.275759 | 0.0550184 | 0.372527 | 0.352847 | 0.587945 
InterfModel=2 99 | 0.291097 | 0.0520173 | 0.40898 | 0.367116 | 0.589945 

