CastaliaResults -i saida.txt -s Packets received per node -n --all -o2                                                                       

Application:Packets received per node
 | index=1 | index=2 | index=3 | index=4 | index=5
InterfModel=0 | 2381.39 | 2747.64 | 3151.94 | 5477.01 | 4101.28 
InterfModel=1 | 1912.54 | 2187.18 | 2333.18 | 3894.83 | 2283.47 
InterfModel=2 | 2131.49 | 2828.62 | 2682.31 | 4919.48 | 3052.89 
Application:Packets received per node - all values
 | index=1 | index=2 | index=3 | index=4 | index=5
InterfModel=0 0 | 2392 | 2753 | 3236 | 5480 | 4041 
InterfModel=0 1 | 2450 | 2736 | 3213 | 5645 | 4047 
InterfModel=0 2 | 2338 | 2741 | 3291 | 5592 | 4061 
InterfModel=0 3 | 2297 | 2726 | 2960 | 5584 | 4136 
InterfModel=0 4 | 2409 | 2746 | 3062 | 5737 | 4083 
InterfModel=0 5 | 2384 | 2744 | 3331 | 5497 | 4178 
InterfModel=0 6 | 2428 | 2745 | 3216 | 5443 | 4156 
InterfModel=0 7 | 2418 | 2749 | 3172 | 5657 | 3914 
InterfModel=0 8 | 2342 | 2757 | 3268 | 5558 | 4173 
InterfModel=0 9 | 2414 | 2708 | 3228 | 5316 | 4179 
InterfModel=0 10 | 2400 | 2749 | 3077 | 5257 | 4221 
InterfModel=0 11 | 2426 | 2746 | 2995 | 5794 | 3715 
InterfModel=0 12 | 2384 | 2743 | 3104 | 5609 | 4008 
InterfModel=0 13 | 2367 | 2736 | 3026 | 5560 | 4169 
InterfModel=0 14 | 2426 | 2734 | 3008 | 5623 | 4100 
InterfModel=0 15 | 2342 | 2734 | 3050 | 5411 | 4147 
InterfModel=0 16 | 2407 | 2745 | 3189 | 5139 | 3971 
InterfModel=0 17 | 2328 | 2741 | 3237 | 5251 | 4202 
InterfModel=0 18 | 2364 | 2749 | 3262 | 5651 | 3854 
InterfModel=0 19 | 2375 | 2768 | 3038 | 5527 | 4358 
InterfModel=0 20 | 2432 | 2765 | 3064 | 5392 | 4190 
InterfModel=0 21 | 2369 | 2735 | 2948 | 5607 | 4120 
InterfModel=0 22 | 2389 | 2735 | 3100 | 5450 | 4098 
InterfModel=0 23 | 2354 | 2731 | 3334 | 5256 | 4011 
InterfModel=0 24 | 2383 | 2748 | 3128 | 5387 | 4302 
InterfModel=0 25 | 2364 | 2778 | 3066 | 5363 | 4174 
InterfModel=0 26 | 2402 | 2767 | 3230 | 5473 | 4140 
InterfModel=0 27 | 2382 | 2737 | 3127 | 5545 | 3969 
InterfModel=0 28 | 2351 | 2741 | 3153 | 5530 | 4256 
InterfModel=0 29 | 2423 | 2750 | 3251 | 5539 | 3979 
InterfModel=0 30 | 2364 | 2770 | 3194 | 5834 | 3929 
InterfModel=0 31 | 2350 | 2769 | 3133 | 5370 | 4246 
InterfModel=0 32 | 2359 | 2762 | 3127 | 5313 | 4077 
InterfModel=0 33 | 2405 | 2713 | 3355 | 5520 | 3987 
InterfModel=0 34 | 2375 | 2747 | 3260 | 5459 | 4215 
InterfModel=0 35 | 2303 | 2764 | 3234 | 5515 | 3891 
InterfModel=0 36 | 2407 | 2746 | 3246 | 5656 | 3910 
InterfModel=0 37 | 2387 | 2761 | 3220 | 5699 | 3992 
InterfModel=0 38 | 2385 | 2713 | 3239 | 5558 | 3978 
InterfModel=0 39 | 2343 | 2761 | 3244 | 5256 | 4221 
InterfModel=0 40 | 2369 | 2749 | 3082 | 5322 | 4075 
InterfModel=0 41 | 2340 | 2732 | 3240 | 5357 | 4291 
InterfModel=0 42 | 2386 | 2750 | 3147 | 5661 | 4059 
InterfModel=0 43 | 2424 | 2743 | 3217 | 5242 | 4319 
InterfModel=0 44 | 2373 | 2764 | 3141 | 5457 | 4143 
InterfModel=0 45 | 2385 | 2752 | 3139 | 5313 | 4196 
InterfModel=0 46 | 2467 | 2761 | 2963 | 5616 | 4054 
InterfModel=0 47 | 2330 | 2738 | 3175 | 5340 | 4287 
InterfModel=0 48 | 2438 | 2762 | 3126 | 5563 | 3780 
InterfModel=0 49 | 2382 | 2753 | 3047 | 5659 | 4094 
InterfModel=0 50 | 2406 | 2748 | 3193 | 5484 | 4192 
InterfModel=0 51 | 2376 | 2753 | 3258 | 5625 | 4143 
InterfModel=0 52 | 2362 | 2741 | 3165 | 5725 | 3889 
InterfModel=0 53 | 2404 | 2730 | 3011 | 5706 | 3972 
InterfModel=0 54 | 2446 | 2744 | 3009 | 5363 | 4397 
InterfModel=0 55 | 2363 | 2755 | 3074 | 5290 | 4160 
InterfModel=0 56 | 2362 | 2716 | 3276 | 5609 | 4180 
InterfModel=0 57 | 2355 | 2749 | 3249 | 5507 | 4013 
InterfModel=0 58 | 2386 | 2786 | 3112 | 5478 | 4175 
InterfModel=0 59 | 2349 | 2742 | 3412 | 5458 | 4163 
InterfModel=0 60 | 2391 | 2769 | 3308 | 5760 | 3942 
InterfModel=0 61 | 2439 | 2750 | 3134 | 5456 | 4011 
InterfModel=0 62 | 2412 | 2744 | 2939 | 5627 | 3844 
InterfModel=0 63 | 2358 | 2761 | 3074 | 5704 | 3816 
InterfModel=0 64 | 2339 | 2746 | 3102 | 5516 | 4095 
InterfModel=0 65 | 2399 | 2748 | 3078 | 5208 | 4256 
InterfModel=0 66 | 2360 | 2758 | 3188 | 5464 | 4040 
InterfModel=0 67 | 2366 | 2755 | 3165 | 5558 | 3902 
InterfModel=0 68 | 2334 | 2748 | 3207 | 5347 | 4221 
InterfModel=0 69 | 2391 | 2748 | 3120 | 5452 | 3794 
InterfModel=0 70 | 2406 | 2701 | 3172 | 5438 | 4188 
InterfModel=0 71 | 2401 | 2738 | 3148 | 5281 | 4188 
InterfModel=0 72 | 2344 | 2767 | 3256 | 5380 | 4070 
InterfModel=0 73 | 2355 | 2753 | 3111 | 5375 | 4302 
InterfModel=0 74 | 2380 | 2764 | 3151 | 5441 | 4093 
InterfModel=0 75 | 2399 | 2726 | 3162 | 5272 | 4109 
InterfModel=0 76 | 2399 | 2751 | 3072 | 5330 | 4186 
InterfModel=0 77 | 2422 | 2753 | 3238 | 5431 | 3935 
InterfModel=0 78 | 2380 | 2740 | 3300 | 5391 | 4002 
InterfModel=0 79 | 2354 | 2746 | 2923 | 5540 | 4340 
InterfModel=0 80 | 2386 | 2731 | 3373 | 5556 | 4055 
InterfModel=0 81 | 2406 | 2766 | 3279 | 5482 | 3975 
InterfModel=0 82 | 2338 | 2769 | 3116 | 5397 | 4135 
InterfModel=0 83 | 2361 | 2781 | 3152 | 5298 | 4024 
InterfModel=0 84 | 2352 | 2741 | 3280 | 5337 | 4225 
InterfModel=0 85 | 2411 | 2754 | 3033 | 5288 | 4308 
InterfModel=0 86 | 2399 | 2753 | 2929 | 5720 | 4107 
InterfModel=0 87 | 2363 | 2713 | 3331 | 5427 | 3999 
InterfModel=0 88 | 2388 | 2742 | 3277 | 5334 | 4353 
InterfModel=0 89 | 2331 | 2764 | 2954 | 5511 | 4196 
InterfModel=0 90 | 2319 | 2762 | 2988 | 5538 | 4072 
InterfModel=0 91 | 2412 | 2763 | 3067 | 5507 | 4074 
InterfModel=0 92 | 2401 | 2716 | 3094 | 5291 | 4240 
InterfModel=0 93 | 2423 | 2740 | 3157 | 5254 | 4004 
InterfModel=0 94 | 2409 | 2758 | 2998 | 5651 | 4081 
InterfModel=0 95 | 2367 | 2768 | 3280 | 5425 | 4048 
InterfModel=0 96 | 2377 | 2747 | 3116 | 5492 | 4300 
InterfModel=0 97 | 2402 | 2736 | 3118 | 5361 | 4286 
InterfModel=0 98 | 2363 | 2765 | 3000 | 5620 | 3979 
InterfModel=0 99 | 2381 | 2718 | 3152 | 5413 | 4353 
InterfModel=1 0 | 1901 | 2213 | 2431 | 3823 | 2288 
InterfModel=1 1 | 1875 | 2175 | 2412 | 3801 | 2341 
InterfModel=1 2 | 1895 | 2168 | 2486 | 3855 | 2120 
InterfModel=1 3 | 1955 | 2209 | 2230 | 3984 | 2382 
InterfModel=1 4 | 1974 | 2242 | 2401 | 4015 | 2170 
InterfModel=1 5 | 1888 | 2258 | 2120 | 3966 | 2346 
InterfModel=1 6 | 1959 | 2184 | 2175 | 4039 | 2287 
InterfModel=1 7 | 1917 | 2180 | 2260 | 3876 | 2323 
InterfModel=1 8 | 1831 | 2193 | 2211 | 4032 | 2330 
InterfModel=1 9 | 1930 | 2168 | 2291 | 4066 | 2156 
InterfModel=1 10 | 1919 | 2175 | 2341 | 3900 | 2243 
InterfModel=1 11 | 1972 | 2176 | 2341 | 3748 | 2266 
InterfModel=1 12 | 1864 | 2183 | 2467 | 3809 | 2210 
InterfModel=1 13 | 1910 | 2194 | 2505 | 3777 | 2233 
InterfModel=1 14 | 2002 | 2163 | 2392 | 4017 | 2214 
InterfModel=1 15 | 1881 | 2183 | 2234 | 4023 | 2410 
InterfModel=1 16 | 1955 | 2263 | 2343 | 3997 | 2232 
InterfModel=1 17 | 1929 | 2134 | 2244 | 3792 | 2272 
InterfModel=1 18 | 1967 | 2182 | 2141 | 3843 | 2609 
InterfModel=1 19 | 1907 | 2182 | 2380 | 3756 | 2377 
InterfModel=1 20 | 1884 | 2198 | 2278 | 3880 | 2300 
InterfModel=1 21 | 1924 | 2167 | 2290 | 4035 | 2304 
InterfModel=1 22 | 1907 | 2183 | 2489 | 4020 | 2233 
InterfModel=1 23 | 1957 | 2197 | 2264 | 3986 | 2295 
InterfModel=1 24 | 1951 | 2173 | 2277 | 3901 | 2154 
InterfModel=1 25 | 1893 | 2113 | 2204 | 3924 | 2276 
InterfModel=1 26 | 1884 | 2213 | 2524 | 3763 | 2293 
InterfModel=1 27 | 1875 | 2191 | 2469 | 3738 | 2246 
InterfModel=1 28 | 1917 | 2185 | 2437 | 3855 | 2234 
InterfModel=1 29 | 1933 | 2204 | 2338 | 4105 | 2219 
InterfModel=1 30 | 1882 | 2176 | 2397 | 3755 | 2222 
InterfModel=1 31 | 1932 | 2159 | 2374 | 3976 | 2198 
InterfModel=1 32 | 1929 | 2173 | 2164 | 3792 | 2398 
InterfModel=1 33 | 1921 | 2202 | 2412 | 3766 | 2263 
InterfModel=1 34 | 1913 | 2134 | 2443 | 3873 | 2173 
InterfModel=1 35 | 1856 | 2184 | 2285 | 3841 | 2330 
InterfModel=1 36 | 1964 | 2211 | 2317 | 3816 | 2191 
InterfModel=1 37 | 1887 | 2198 | 2281 | 3757 | 2389 
InterfModel=1 38 | 1959 | 2181 | 2407 | 3786 | 2099 
InterfModel=1 39 | 1903 | 2159 | 2409 | 3898 | 2325 
InterfModel=1 40 | 1837 | 2244 | 2389 | 3876 | 2365 
InterfModel=1 41 | 1939 | 2117 | 2405 | 3835 | 2230 
InterfModel=1 42 | 1944 | 2234 | 2483 | 3925 | 2132 
InterfModel=1 43 | 1861 | 2196 | 2417 | 3935 | 2291 
InterfModel=1 44 | 1845 | 2155 | 2165 | 3704 | 2381 
InterfModel=1 45 | 1937 | 2207 | 2394 | 3725 | 2325 
InterfModel=1 46 | 1952 | 2176 | 2312 | 3865 | 2272 
InterfModel=1 47 | 1930 | 2177 | 2415 | 3899 | 2256 
InterfModel=1 48 | 1816 | 2165 | 2385 | 3890 | 2282 
InterfModel=1 49 | 1900 | 2160 | 2275 | 3937 | 2221 
InterfModel=1 50 | 1933 | 2188 | 2365 | 3763 | 2326 
InterfModel=1 51 | 1851 | 2163 | 2550 | 3979 | 2162 
InterfModel=1 52 | 1910 | 2168 | 2373 | 3869 | 2190 
InterfModel=1 53 | 1894 | 2166 | 2235 | 3943 | 2315 
InterfModel=1 54 | 1882 | 2209 | 2126 | 4087 | 2407 
InterfModel=1 55 | 1923 | 2138 | 2347 | 3800 | 2271 
InterfModel=1 56 | 1961 | 2163 | 2352 | 3906 | 2296 
InterfModel=1 57 | 1849 | 2232 | 2444 | 4035 | 2145 
InterfModel=1 58 | 1817 | 2188 | 2517 | 3904 | 2256 
InterfModel=1 59 | 1921 | 2225 | 2196 | 3961 | 2434 
InterfModel=1 60 | 1945 | 2178 | 2179 | 3788 | 2561 
InterfModel=1 61 | 1927 | 2174 | 2617 | 3692 | 2177 
InterfModel=1 62 | 1933 | 2168 | 2305 | 3926 | 2261 
InterfModel=1 63 | 1911 | 2173 | 2414 | 3838 | 2288 
InterfModel=1 64 | 1976 | 2149 | 2331 | 3817 | 2311 
InterfModel=1 65 | 1943 | 2157 | 2357 | 3802 | 1998 
InterfModel=1 66 | 1990 | 2197 | 2201 | 4120 | 2202 
InterfModel=1 67 | 1923 | 2214 | 2257 | 3675 | 2428 
InterfModel=1 68 | 1917 | 2158 | 2340 | 4068 | 2249 
InterfModel=1 69 | 1911 | 2189 | 2083 | 3699 | 2351 
InterfModel=1 70 | 1876 | 2219 | 2425 | 3847 | 2288 
InterfModel=1 71 | 1918 | 2146 | 2234 | 3835 | 2384 
InterfModel=1 72 | 1970 | 2137 | 2253 | 4079 | 2300 
InterfModel=1 73 | 1899 | 2196 | 2302 | 3771 | 2218 
InterfModel=1 74 | 1890 | 2206 | 2351 | 3943 | 2255 
InterfModel=1 75 | 1868 | 2191 | 2272 | 4113 | 2337 
InterfModel=1 76 | 1879 | 2195 | 2442 | 3880 | 2268 
InterfModel=1 77 | 1872 | 2218 | 2326 | 3883 | 2292 
InterfModel=1 78 | 1889 | 2141 | 2170 | 3804 | 2438 
InterfModel=1 79 | 1895 | 2191 | 2440 | 3961 | 2280 
InterfModel=1 80 | 1945 | 2193 | 2302 | 3757 | 2474 
InterfModel=1 81 | 1935 | 2189 | 2398 | 3898 | 2416 
InterfModel=1 82 | 1904 | 2239 | 2468 | 3719 | 2285 
InterfModel=1 83 | 1952 | 2182 | 2214 | 4157 | 2219 
InterfModel=1 84 | 1922 | 2180 | 2440 | 4092 | 2133 
InterfModel=1 85 | 1921 | 2206 | 2320 | 3744 | 2249 
InterfModel=1 86 | 1902 | 2186 | 2313 | 3978 | 2407 
InterfModel=1 87 | 2007 | 2177 | 2308 | 3949 | 2225 
InterfModel=1 88 | 1839 | 2212 | 2322 | 3680 | 2332 
InterfModel=1 89 | 1881 | 2191 | 2158 | 3879 | 2398 
InterfModel=1 90 | 1950 | 2176 | 2202 | 3886 | 2474 
InterfModel=1 91 | 1883 | 2221 | 2320 | 4109 | 2223 
InterfModel=1 92 | 1892 | 2217 | 2382 | 3852 | 2108 
InterfModel=1 93 | 1925 | 2224 | 2186 | 3941 | 2333 
InterfModel=1 94 | 1924 | 2251 | 2386 | 3896 | 2249 
InterfModel=1 95 | 1949 | 2187 | 2537 | 4029 | 2235 
InterfModel=1 96 | 1832 | 2200 | 2212 | 3955 | 2314 
InterfModel=1 97 | 1906 | 2253 | 2320 | 4096 | 2224 
InterfModel=1 98 | 1942 | 2188 | 2351 | 3921 | 2244 
InterfModel=1 99 | 1907 | 2152 | 2271 | 3980 | 2411 
InterfModel=2 0 | 2167 | 2872 | 2756 | 4832 | 3045 
InterfModel=2 1 | 2112 | 2836 | 2782 | 5121 | 2853 
InterfModel=2 2 | 2117 | 2820 | 2629 | 4875 | 3361 
InterfModel=2 3 | 2127 | 2792 | 2415 | 5000 | 3107 
InterfModel=2 4 | 2136 | 2824 | 2569 | 4771 | 3113 
InterfModel=2 5 | 2107 | 2819 | 2632 | 5132 | 2896 
InterfModel=2 6 | 2174 | 2836 | 2616 | 5236 | 2644 
InterfModel=2 7 | 2184 | 2827 | 2578 | 4862 | 2997 
InterfModel=2 8 | 2092 | 2828 | 2837 | 5119 | 2888 
InterfModel=2 9 | 2126 | 2833 | 2611 | 4976 | 3090 
InterfModel=2 10 | 2150 | 2817 | 2857 | 5010 | 3064 
InterfModel=2 11 | 2198 | 2824 | 2765 | 4678 | 3043 
InterfModel=2 12 | 2114 | 2838 | 2734 | 5105 | 3005 
InterfModel=2 13 | 2107 | 2820 | 2569 | 5008 | 3026 
InterfModel=2 14 | 2140 | 2838 | 2768 | 4792 | 3010 
InterfModel=2 15 | 2140 | 2814 | 2550 | 4786 | 3083 
InterfModel=2 16 | 2148 | 2823 | 2719 | 4928 | 2996 
InterfModel=2 17 | 2088 | 2810 | 2485 | 4884 | 3196 
InterfModel=2 18 | 2036 | 2854 | 2759 | 4715 | 3041 
InterfModel=2 19 | 2110 | 2829 | 2698 | 4717 | 3097 
InterfModel=2 20 | 2165 | 2810 | 2719 | 4805 | 3067 
InterfModel=2 21 | 2100 | 2831 | 2774 | 4795 | 3185 
InterfModel=2 22 | 2136 | 2819 | 2668 | 4903 | 3087 
InterfModel=2 23 | 2078 | 2815 | 2742 | 4941 | 3000 
InterfModel=2 24 | 2160 | 2833 | 2732 | 4857 | 3016 
InterfModel=2 25 | 2150 | 2835 | 2666 | 5294 | 2871 
InterfModel=2 26 | 2153 | 2859 | 2673 | 5059 | 2978 
InterfModel=2 27 | 2117 | 2817 | 2757 | 5022 | 3013 
InterfModel=2 28 | 2135 | 2819 | 2714 | 4575 | 3258 
InterfModel=2 29 | 2132 | 2842 | 2702 | 4867 | 2935 
InterfModel=2 30 | 2100 | 2818 | 2703 | 5039 | 3068 
InterfModel=2 31 | 2140 | 2828 | 2717 | 4873 | 3021 
InterfModel=2 32 | 2075 | 2842 | 2713 | 4998 | 3043 
InterfModel=2 33 | 2135 | 2830 | 2697 | 4726 | 2916 
InterfModel=2 34 | 2153 | 2820 | 2741 | 4951 | 3047 
InterfModel=2 35 | 2099 | 2820 | 2580 | 4780 | 2984 
InterfModel=2 36 | 2153 | 2826 | 2600 | 4863 | 3185 
InterfModel=2 37 | 2192 | 2845 | 2634 | 4829 | 3197 
InterfModel=2 38 | 2182 | 2818 | 2760 | 4876 | 3002 
InterfModel=2 39 | 2066 | 2854 | 2749 | 4723 | 3186 
InterfModel=2 40 | 2162 | 2816 | 2725 | 4784 | 3097 
InterfModel=2 41 | 2108 | 2835 | 2717 | 4903 | 3112 
InterfModel=2 42 | 2056 | 2795 | 2572 | 5032 | 3269 
InterfModel=2 43 | 2076 | 2803 | 2559 | 4870 | 3339 
InterfModel=2 44 | 2125 | 2821 | 2683 | 4893 | 3175 
InterfModel=2 45 | 2118 | 2830 | 2805 | 5015 | 2942 
InterfModel=2 46 | 2132 | 2851 | 2781 | 4950 | 2905 
InterfModel=2 47 | 2144 | 2842 | 2678 | 5144 | 2988 
InterfModel=2 48 | 2104 | 2845 | 2778 | 4998 | 2926 
InterfModel=2 49 | 2105 | 2833 | 2648 | 5134 | 2973 
InterfModel=2 50 | 2140 | 2835 | 2707 | 5013 | 2874 
InterfModel=2 51 | 2202 | 2837 | 2560 | 4947 | 3250 
InterfModel=2 52 | 2222 | 2842 | 2635 | 4977 | 3058 
InterfModel=2 53 | 2104 | 2833 | 2524 | 4934 | 3101 
InterfModel=2 54 | 2107 | 2816 | 2642 | 5037 | 3043 
InterfModel=2 55 | 2151 | 2811 | 2852 | 4861 | 3077 
InterfModel=2 56 | 2162 | 2852 | 2731 | 4862 | 3025 
InterfModel=2 57 | 2125 | 2836 | 2593 | 4938 | 3036 
InterfModel=2 58 | 2179 | 2827 | 2651 | 4792 | 3115 
InterfModel=2 59 | 2155 | 2813 | 2637 | 5022 | 3173 
InterfModel=2 60 | 2051 | 2847 | 2807 | 4877 | 2895 
InterfModel=2 61 | 2176 | 2816 | 2756 | 4900 | 2907 
InterfModel=2 62 | 2134 | 2832 | 2773 | 4905 | 3156 
InterfModel=2 63 | 2138 | 2845 | 2448 | 4889 | 3134 
InterfModel=2 64 | 2165 | 2845 | 2844 | 4828 | 2954 
InterfModel=2 65 | 2080 | 2840 | 2697 | 4543 | 3131 
InterfModel=2 66 | 2141 | 2817 | 2723 | 4818 | 3121 
InterfModel=2 67 | 2136 | 2832 | 2643 | 4949 | 3132 
InterfModel=2 68 | 2104 | 2827 | 2633 | 4809 | 3170 
InterfModel=2 69 | 2117 | 2839 | 2617 | 4958 | 3207 
InterfModel=2 70 | 2127 | 2823 | 2604 | 4758 | 3267 
InterfModel=2 71 | 2148 | 2813 | 2720 | 4858 | 3128 
InterfModel=2 72 | 2124 | 2830 | 2638 | 4838 | 3079 
InterfModel=2 73 | 2092 | 2799 | 2801 | 4939 | 3029 
InterfModel=2 74 | 2123 | 2833 | 2539 | 5035 | 3247 
InterfModel=2 75 | 2173 | 2827 | 2812 | 4870 | 3040 
InterfModel=2 76 | 2103 | 2823 | 2641 | 5081 | 3015 
InterfModel=2 77 | 2188 | 2811 | 2578 | 4877 | 3040 
InterfModel=2 78 | 2069 | 2835 | 2527 | 4975 | 3093 
InterfModel=2 79 | 2142 | 2823 | 2662 | 4882 | 2992 
InterfModel=2 80 | 2121 | 2825 | 2774 | 4822 | 3148 
InterfModel=2 81 | 2085 | 2803 | 2757 | 4984 | 3020 
InterfModel=2 82 | 2101 | 2827 | 2636 | 5084 | 2991 
InterfModel=2 83 | 2100 | 2850 | 2754 | 4845 | 2868 
InterfModel=2 84 | 2270 | 2826 | 2816 | 4905 | 2816 
InterfModel=2 85 | 2137 | 2853 | 2646 | 4895 | 2973 
InterfModel=2 86 | 2033 | 2818 | 2609 | 4720 | 3142 
InterfModel=2 87 | 2193 | 2821 | 2615 | 5173 | 2989 
InterfModel=2 88 | 2161 | 2832 | 2508 | 4863 | 3229 
InterfModel=2 89 | 2129 | 2818 | 2802 | 5277 | 2686 
InterfModel=2 90 | 2145 | 2840 | 2659 | 4747 | 3086 
InterfModel=2 91 | 2149 | 2843 | 2876 | 4966 | 2990 
InterfModel=2 92 | 2147 | 2802 | 2698 | 4677 | 3172 
InterfModel=2 93 | 2088 | 2817 | 2621 | 5180 | 3031 
InterfModel=2 94 | 2177 | 2857 | 2625 | 5232 | 2881 
InterfModel=2 95 | 2129 | 2831 | 2662 | 4675 | 3097 
InterfModel=2 96 | 2156 | 2829 | 2570 | 5203 | 3068 
InterfModel=2 97 | 2128 | 2828 | 2810 | 5083 | 3108 
InterfModel=2 98 | 2172 | 2834 | 2823 | 4853 | 3090 
InterfModel=2 99 | 2126 | 2843 | 2659 | 4746 | 3075 

