CastaliaResults -i saida.txt -s Consumed Energy -n --all -o2                                                             

ResourceManager:Consumed Energy
 | node=0 | node=1 | node=2 | node=3 | node=4 | node=5
InterfModel=0 | 0.932 | 0.245 | 0.248 | 0.242 | 0.244 | 0.242 
InterfModel=1 | 0.933 | 0.244 | 0.248 | 0.242 | 0.245 | 0.242 
InterfModel=2 | 0.933 | 0.245 | 0.248 | 0.241 | 0.245 | 0.242 
ResourceManager:Consumed Energy - all values
 | node=0 | node=1 | node=2 | node=3 | node=4 | node=5
InterfModel=0 0 | 0.932495 | 0.245584 | 0.247865 | 0.240255 | 0.244432 | 0.240432 
InterfModel=0 1 | 0.932484 | 0.245119 | 0.248389 | 0.241327 | 0.245263 | 0.241811 
InterfModel=0 2 | 0.932454 | 0.244627 | 0.247545 | 0.240154 | 0.244452 | 0.240593 
InterfModel=0 3 | 0.932473 | 0.244498 | 0.247909 | 0.241694 | 0.243896 | 0.242814 
InterfModel=0 4 | 0.932548 | 0.24422 | 0.248193 | 0.241793 | 0.244166 | 0.242254 
InterfModel=0 5 | 0.932508 | 0.243855 | 0.248315 | 0.243632 | 0.245172 | 0.241715 
InterfModel=0 6 | 0.93252 | 0.245389 | 0.248359 | 0.242399 | 0.244932 | 0.240956 
InterfModel=0 7 | 0.932487 | 0.246165 | 0.248202 | 0.242441 | 0.244788 | 0.241881 
InterfModel=0 8 | 0.932534 | 0.244923 | 0.248316 | 0.242116 | 0.243523 | 0.241957 
InterfModel=0 9 | 0.932475 | 0.244287 | 0.248259 | 0.241125 | 0.243916 | 0.243064 
InterfModel=0 10 | 0.932434 | 0.243253 | 0.247827 | 0.240148 | 0.242585 | 0.240506 
InterfModel=0 11 | 0.932551 | 0.245151 | 0.248227 | 0.241407 | 0.244875 | 0.243389 
InterfModel=0 12 | 0.932463 | 0.244523 | 0.247926 | 0.241919 | 0.243888 | 0.241261 
InterfModel=0 13 | 0.932485 | 0.2462 | 0.248223 | 0.24163 | 0.24489 | 0.242659 
InterfModel=0 14 | 0.932441 | 0.244106 | 0.247715 | 0.241348 | 0.244912 | 0.242726 
InterfModel=0 15 | 0.932473 | 0.245606 | 0.247388 | 0.242425 | 0.24476 | 0.241113 
InterfModel=0 16 | 0.932415 | 0.244939 | 0.247753 | 0.241393 | 0.244998 | 0.241684 
InterfModel=0 17 | 0.932451 | 0.244443 | 0.247876 | 0.242506 | 0.244834 | 0.241299 
InterfModel=0 18 | 0.932546 | 0.245008 | 0.247523 | 0.240929 | 0.24479 | 0.241971 
InterfModel=0 19 | 0.93253 | 0.245244 | 0.24818 | 0.241704 | 0.245159 | 0.242211 
InterfModel=0 20 | 0.932437 | 0.244734 | 0.24747 | 0.242912 | 0.243979 | 0.241792 
InterfModel=0 21 | 0.932563 | 0.244469 | 0.248478 | 0.240002 | 0.243975 | 0.242309 
InterfModel=0 22 | 0.932442 | 0.243443 | 0.247612 | 0.241336 | 0.244719 | 0.243879 
InterfModel=0 23 | 0.932558 | 0.244793 | 0.248244 | 0.242773 | 0.244663 | 0.24366 
InterfModel=0 24 | 0.932537 | 0.244689 | 0.248073 | 0.241094 | 0.245228 | 0.24181 
InterfModel=0 25 | 0.932537 | 0.244312 | 0.248002 | 0.242079 | 0.24532 | 0.242274 
InterfModel=0 26 | 0.932452 | 0.243636 | 0.247898 | 0.239894 | 0.243885 | 0.242391 
InterfModel=0 27 | 0.932498 | 0.244825 | 0.247949 | 0.241462 | 0.244283 | 0.240259 
InterfModel=0 28 | 0.932499 | 0.244903 | 0.247168 | 0.242927 | 0.243492 | 0.241813 
InterfModel=0 29 | 0.932506 | 0.246309 | 0.247934 | 0.241681 | 0.244998 | 0.24305 
InterfModel=0 30 | 0.932481 | 0.243916 | 0.24805 | 0.240648 | 0.244506 | 0.241863 
InterfModel=0 31 | 0.932515 | 0.244813 | 0.248238 | 0.242253 | 0.244368 | 0.241976 
InterfModel=0 32 | 0.932533 | 0.245231 | 0.247881 | 0.240012 | 0.245232 | 0.242676 
InterfModel=0 33 | 0.932551 | 0.24388 | 0.248471 | 0.242153 | 0.244929 | 0.244343 
InterfModel=0 34 | 0.932545 | 0.245588 | 0.248221 | 0.241833 | 0.24533 | 0.243279 
InterfModel=0 35 | 0.932515 | 0.244103 | 0.24878 | 0.241713 | 0.244751 | 0.243412 
InterfModel=0 36 | 0.932507 | 0.245071 | 0.248405 | 0.24237 | 0.243936 | 0.242489 
InterfModel=0 37 | 0.932429 | 0.244856 | 0.247905 | 0.242253 | 0.245107 | 0.240944 
InterfModel=0 38 | 0.932457 | 0.243428 | 0.248216 | 0.240993 | 0.243943 | 0.242596 
InterfModel=0 39 | 0.932466 | 0.244867 | 0.247328 | 0.24135 | 0.244332 | 0.241102 
InterfModel=0 40 | 0.932461 | 0.244787 | 0.248188 | 0.24294 | 0.244663 | 0.242241 
InterfModel=0 41 | 0.932462 | 0.244095 | 0.248217 | 0.24221 | 0.244848 | 0.241589 
InterfModel=0 42 | 0.932453 | 0.245212 | 0.247888 | 0.239561 | 0.244206 | 0.243248 
InterfModel=0 43 | 0.932461 | 0.245488 | 0.247788 | 0.241501 | 0.244075 | 0.241704 
InterfModel=0 44 | 0.932508 | 0.244585 | 0.247575 | 0.244071 | 0.244341 | 0.242481 
InterfModel=0 45 | 0.932533 | 0.245338 | 0.247587 | 0.240873 | 0.244045 | 0.241986 
InterfModel=0 46 | 0.932447 | 0.2445 | 0.247595 | 0.241116 | 0.24416 | 0.241996 
InterfModel=0 47 | 0.932497 | 0.244458 | 0.247443 | 0.242199 | 0.245362 | 0.241806 
InterfModel=0 48 | 0.932455 | 0.243927 | 0.247963 | 0.241838 | 0.24484 | 0.242633 
InterfModel=0 49 | 0.932552 | 0.243765 | 0.24823 | 0.241842 | 0.245129 | 0.24185 
InterfModel=0 50 | 0.932429 | 0.244793 | 0.247366 | 0.240978 | 0.244368 | 0.24014 
InterfModel=0 51 | 0.932521 | 0.244616 | 0.248418 | 0.241948 | 0.244957 | 0.243243 
InterfModel=0 52 | 0.932466 | 0.245894 | 0.247548 | 0.24197 | 0.243539 | 0.241658 
InterfModel=0 53 | 0.93254 | 0.245047 | 0.248243 | 0.241379 | 0.244684 | 0.24141 
InterfModel=0 54 | 0.932455 | 0.244842 | 0.247711 | 0.241649 | 0.24438 | 0.242585 
InterfModel=0 55 | 0.932454 | 0.244492 | 0.247547 | 0.242031 | 0.24462 | 0.241297 
InterfModel=0 56 | 0.932532 | 0.243954 | 0.248054 | 0.240937 | 0.244976 | 0.240998 
InterfModel=0 57 | 0.932556 | 0.244577 | 0.248253 | 0.242199 | 0.245259 | 0.241526 
InterfModel=0 58 | 0.932537 | 0.245172 | 0.248241 | 0.240712 | 0.24455 | 0.242871 
InterfModel=0 59 | 0.9325 | 0.244152 | 0.248235 | 0.241568 | 0.243757 | 0.241576 
InterfModel=0 60 | 0.932487 | 0.244973 | 0.247357 | 0.241725 | 0.243731 | 0.240956 
InterfModel=0 61 | 0.932519 | 0.243259 | 0.248415 | 0.242014 | 0.245411 | 0.243376 
InterfModel=0 62 | 0.932474 | 0.244276 | 0.248017 | 0.242369 | 0.24567 | 0.242302 
InterfModel=0 63 | 0.93245 | 0.245767 | 0.247834 | 0.241963 | 0.243368 | 0.239002 
InterfModel=0 64 | 0.932531 | 0.244979 | 0.247889 | 0.242455 | 0.244973 | 0.241709 
InterfModel=0 65 | 0.932543 | 0.2455 | 0.248427 | 0.243085 | 0.244142 | 0.242547 
InterfModel=0 66 | 0.932562 | 0.246329 | 0.248207 | 0.242295 | 0.245298 | 0.239917 
InterfModel=0 67 | 0.93248 | 0.244663 | 0.247719 | 0.241177 | 0.243959 | 0.241529 
InterfModel=0 68 | 0.932517 | 0.24484 | 0.247768 | 0.239967 | 0.245282 | 0.241947 
InterfModel=0 69 | 0.93246 | 0.244966 | 0.248168 | 0.241557 | 0.245417 | 0.241877 
InterfModel=0 70 | 0.932428 | 0.244982 | 0.247487 | 0.24005 | 0.243964 | 0.240302 
InterfModel=0 71 | 0.932502 | 0.244405 | 0.248405 | 0.241935 | 0.244461 | 0.241702 
InterfModel=0 72 | 0.932458 | 0.245205 | 0.247579 | 0.240825 | 0.245667 | 0.242247 
InterfModel=0 73 | 0.932541 | 0.244959 | 0.248196 | 0.242047 | 0.244528 | 0.24242 
InterfModel=0 74 | 0.932489 | 0.245048 | 0.247598 | 0.243391 | 0.244049 | 0.241431 
InterfModel=0 75 | 0.932504 | 0.244512 | 0.247783 | 0.240555 | 0.244948 | 0.241148 
InterfModel=0 76 | 0.932458 | 0.24536 | 0.248215 | 0.242655 | 0.243842 | 0.241242 
InterfModel=0 77 | 0.932423 | 0.244803 | 0.247857 | 0.242469 | 0.243925 | 0.2417 
InterfModel=0 78 | 0.932452 | 0.245158 | 0.247503 | 0.243319 | 0.245122 | 0.241918 
InterfModel=0 79 | 0.932527 | 0.24516 | 0.247913 | 0.243283 | 0.244948 | 0.243035 
InterfModel=0 80 | 0.932547 | 0.244124 | 0.248097 | 0.241843 | 0.243015 | 0.241999 
InterfModel=0 81 | 0.932423 | 0.244773 | 0.247446 | 0.239374 | 0.244266 | 0.243642 
InterfModel=0 82 | 0.932552 | 0.244912 | 0.248047 | 0.242007 | 0.245349 | 0.242716 
InterfModel=0 83 | 0.932444 | 0.244133 | 0.247478 | 0.243902 | 0.244492 | 0.242364 
InterfModel=0 84 | 0.932465 | 0.245445 | 0.247728 | 0.24418 | 0.244456 | 0.243063 
InterfModel=0 85 | 0.932447 | 0.244946 | 0.247461 | 0.242122 | 0.244263 | 0.241726 
InterfModel=0 86 | 0.932557 | 0.24467 | 0.247597 | 0.241482 | 0.244833 | 0.244136 
InterfModel=0 87 | 0.932445 | 0.242903 | 0.247798 | 0.240132 | 0.244537 | 0.242165 
InterfModel=0 88 | 0.932466 | 0.246739 | 0.248419 | 0.242748 | 0.244053 | 0.243554 
InterfModel=0 89 | 0.93254 | 0.2453 | 0.247992 | 0.240896 | 0.244449 | 0.243475 
InterfModel=0 90 | 0.932529 | 0.245109 | 0.247751 | 0.240589 | 0.243885 | 0.242293 
InterfModel=0 91 | 0.932561 | 0.24553 | 0.248386 | 0.240967 | 0.244386 | 0.243263 
InterfModel=0 92 | 0.932467 | 0.245119 | 0.247784 | 0.239956 | 0.244159 | 0.24188 
InterfModel=0 93 | 0.932509 | 0.244123 | 0.248024 | 0.240464 | 0.244368 | 0.24235 
InterfModel=0 94 | 0.932477 | 0.24493 | 0.248429 | 0.243127 | 0.244434 | 0.240197 
InterfModel=0 95 | 0.932474 | 0.243039 | 0.24734 | 0.241802 | 0.242662 | 0.241684 
InterfModel=0 96 | 0.932511 | 0.245237 | 0.248226 | 0.242227 | 0.243857 | 0.241129 
InterfModel=0 97 | 0.932537 | 0.244963 | 0.247919 | 0.242803 | 0.244266 | 0.242571 
InterfModel=0 98 | 0.932508 | 0.245259 | 0.247976 | 0.241706 | 0.245418 | 0.243327 
InterfModel=0 99 | 0.932546 | 0.245499 | 0.247854 | 0.241834 | 0.243233 | 0.242084 
InterfModel=1 0 | 0.932622 | 0.24496 | 0.247865 | 0.242015 | 0.244621 | 0.241871 
InterfModel=1 1 | 0.932616 | 0.245755 | 0.247352 | 0.240846 | 0.243764 | 0.242409 
InterfModel=1 2 | 0.932526 | 0.244913 | 0.248248 | 0.241633 | 0.245105 | 0.24165 
InterfModel=1 3 | 0.932622 | 0.244386 | 0.248249 | 0.241757 | 0.245584 | 0.243846 
InterfModel=1 4 | 0.932574 | 0.245563 | 0.247208 | 0.2438 | 0.244609 | 0.242652 
InterfModel=1 5 | 0.932547 | 0.244108 | 0.248209 | 0.242178 | 0.245598 | 0.241074 
InterfModel=1 6 | 0.932519 | 0.243089 | 0.247793 | 0.241071 | 0.243962 | 0.239943 
InterfModel=1 7 | 0.932573 | 0.244847 | 0.248051 | 0.241116 | 0.243852 | 0.242448 
InterfModel=1 8 | 0.932529 | 0.244089 | 0.247161 | 0.242596 | 0.245794 | 0.242581 
InterfModel=1 9 | 0.932557 | 0.244732 | 0.248183 | 0.243375 | 0.244742 | 0.244073 
InterfModel=1 10 | 0.93259 | 0.242868 | 0.247989 | 0.241642 | 0.244864 | 0.241663 
InterfModel=1 11 | 0.932527 | 0.244944 | 0.247994 | 0.242378 | 0.24468 | 0.241031 
InterfModel=1 12 | 0.932536 | 0.24465 | 0.248177 | 0.240242 | 0.243931 | 0.240209 
InterfModel=1 13 | 0.932613 | 0.245383 | 0.248209 | 0.241886 | 0.245214 | 0.241898 
InterfModel=1 14 | 0.93263 | 0.244251 | 0.247924 | 0.24175 | 0.24568 | 0.242374 
InterfModel=1 15 | 0.9325 | 0.243371 | 0.247498 | 0.24007 | 0.245428 | 0.242285 
InterfModel=1 16 | 0.932507 | 0.243375 | 0.247648 | 0.241682 | 0.245431 | 0.242952 
InterfModel=1 17 | 0.932595 | 0.243577 | 0.248098 | 0.24314 | 0.24444 | 0.242312 
InterfModel=1 18 | 0.932577 | 0.2454 | 0.247861 | 0.239615 | 0.244444 | 0.243034 
InterfModel=1 19 | 0.932578 | 0.244953 | 0.248172 | 0.240356 | 0.244525 | 0.243496 
InterfModel=1 20 | 0.932608 | 0.244724 | 0.248127 | 0.241855 | 0.245235 | 0.241665 
InterfModel=1 21 | 0.932489 | 0.243524 | 0.247465 | 0.239181 | 0.24417 | 0.241785 
InterfModel=1 22 | 0.932609 | 0.244003 | 0.248084 | 0.242277 | 0.245143 | 0.24272 
InterfModel=1 23 | 0.932625 | 0.244499 | 0.247997 | 0.241987 | 0.245397 | 0.243004 
InterfModel=1 24 | 0.932504 | 0.244529 | 0.247371 | 0.242203 | 0.244214 | 0.241813 
InterfModel=1 25 | 0.932628 | 0.243568 | 0.247761 | 0.242719 | 0.244457 | 0.242789 
InterfModel=1 26 | 0.932589 | 0.244462 | 0.248261 | 0.243584 | 0.244074 | 0.243353 
InterfModel=1 27 | 0.932619 | 0.245532 | 0.247711 | 0.24047 | 0.245514 | 0.242564 
InterfModel=1 28 | 0.932596 | 0.244152 | 0.247759 | 0.241339 | 0.24644 | 0.24264 
InterfModel=1 29 | 0.932551 | 0.243922 | 0.248029 | 0.241116 | 0.244255 | 0.241291 
InterfModel=1 30 | 0.932526 | 0.244454 | 0.247601 | 0.241123 | 0.245066 | 0.242495 
InterfModel=1 31 | 0.932599 | 0.244731 | 0.247864 | 0.241592 | 0.244953 | 0.240914 
InterfModel=1 32 | 0.932637 | 0.244116 | 0.248229 | 0.240441 | 0.24591 | 0.240984 
InterfModel=1 33 | 0.932576 | 0.244541 | 0.247205 | 0.24107 | 0.244572 | 0.242326 
InterfModel=1 34 | 0.932584 | 0.244283 | 0.247538 | 0.240249 | 0.245088 | 0.241091 
InterfModel=1 35 | 0.93252 | 0.244162 | 0.247387 | 0.241124 | 0.244123 | 0.241854 
InterfModel=1 36 | 0.932518 | 0.245303 | 0.247386 | 0.242871 | 0.244513 | 0.242538 
InterfModel=1 37 | 0.932617 | 0.245264 | 0.24769 | 0.241458 | 0.245169 | 0.243096 
InterfModel=1 38 | 0.932559 | 0.244661 | 0.247363 | 0.241657 | 0.245859 | 0.243226 
InterfModel=1 39 | 0.932506 | 0.243526 | 0.247695 | 0.2418 | 0.243893 | 0.242846 
InterfModel=1 40 | 0.932552 | 0.243084 | 0.248188 | 0.239807 | 0.244021 | 0.241639 
InterfModel=1 41 | 0.932533 | 0.245197 | 0.24754 | 0.239419 | 0.24355 | 0.24201 
InterfModel=1 42 | 0.932521 | 0.244613 | 0.248016 | 0.239548 | 0.24372 | 0.241596 
InterfModel=1 43 | 0.93259 | 0.245203 | 0.247719 | 0.24136 | 0.244805 | 0.240609 
InterfModel=1 44 | 0.932509 | 0.244113 | 0.247836 | 0.240554 | 0.243775 | 0.241469 
InterfModel=1 45 | 0.932544 | 0.244624 | 0.247576 | 0.241519 | 0.243114 | 0.241829 
InterfModel=1 46 | 0.932586 | 0.245476 | 0.248019 | 0.240896 | 0.244029 | 0.243138 
InterfModel=1 47 | 0.93255 | 0.244842 | 0.247773 | 0.240832 | 0.245569 | 0.241988 
InterfModel=1 48 | 0.932575 | 0.245655 | 0.247326 | 0.241848 | 0.245239 | 0.24244 
InterfModel=1 49 | 0.932579 | 0.244677 | 0.24827 | 0.242701 | 0.245974 | 0.243198 
InterfModel=1 50 | 0.932611 | 0.243787 | 0.247595 | 0.240669 | 0.245062 | 0.242935 
InterfModel=1 51 | 0.932549 | 0.244631 | 0.247446 | 0.243247 | 0.244578 | 0.242332 
InterfModel=1 52 | 0.932641 | 0.245958 | 0.248225 | 0.24069 | 0.245367 | 0.243245 
InterfModel=1 53 | 0.932491 | 0.244419 | 0.24758 | 0.23915 | 0.244543 | 0.243072 
InterfModel=1 54 | 0.932517 | 0.244698 | 0.247313 | 0.240875 | 0.244954 | 0.242751 
InterfModel=1 55 | 0.93253 | 0.242711 | 0.247457 | 0.240803 | 0.243438 | 0.240584 
InterfModel=1 56 | 0.93258 | 0.24479 | 0.248073 | 0.241876 | 0.244713 | 0.239707 
InterfModel=1 57 | 0.932496 | 0.243253 | 0.247465 | 0.241841 | 0.24451 | 0.241218 
InterfModel=1 58 | 0.932571 | 0.245018 | 0.247577 | 0.241343 | 0.244567 | 0.242078 
InterfModel=1 59 | 0.932506 | 0.243059 | 0.247713 | 0.242441 | 0.24397 | 0.243031 
InterfModel=1 60 | 0.932599 | 0.244445 | 0.248226 | 0.240058 | 0.245972 | 0.242174 
InterfModel=1 61 | 0.932565 | 0.243423 | 0.248014 | 0.240867 | 0.245829 | 0.241996 
InterfModel=1 62 | 0.932528 | 0.244116 | 0.247688 | 0.243203 | 0.245021 | 0.242581 
InterfModel=1 63 | 0.932563 | 0.244552 | 0.247126 | 0.241632 | 0.245209 | 0.242737 
InterfModel=1 64 | 0.932582 | 0.243396 | 0.247378 | 0.242701 | 0.245335 | 0.241238 
InterfModel=1 65 | 0.932634 | 0.245426 | 0.24784 | 0.241582 | 0.244727 | 0.241922 
InterfModel=1 66 | 0.932584 | 0.24399 | 0.247829 | 0.241255 | 0.243832 | 0.241947 
InterfModel=1 67 | 0.932622 | 0.244587 | 0.247821 | 0.241295 | 0.245544 | 0.24189 
InterfModel=1 68 | 0.932565 | 0.24337 | 0.247984 | 0.242922 | 0.244301 | 0.241274 
InterfModel=1 69 | 0.932631 | 0.245671 | 0.247594 | 0.242064 | 0.24501 | 0.241982 
InterfModel=1 70 | 0.932633 | 0.245619 | 0.247419 | 0.242397 | 0.245745 | 0.2429 
InterfModel=1 71 | 0.932587 | 0.244428 | 0.247818 | 0.243301 | 0.246165 | 0.242859 
InterfModel=1 72 | 0.932522 | 0.244283 | 0.248196 | 0.240133 | 0.244066 | 0.24166 
InterfModel=1 73 | 0.932571 | 0.245236 | 0.248004 | 0.242062 | 0.24525 | 0.241183 
InterfModel=1 74 | 0.932612 | 0.244076 | 0.2481 | 0.242189 | 0.243769 | 0.240851 
InterfModel=1 75 | 0.932518 | 0.244996 | 0.24774 | 0.240152 | 0.243988 | 0.242667 
InterfModel=1 76 | 0.932484 | 0.244767 | 0.247498 | 0.239883 | 0.243759 | 0.242804 
InterfModel=1 77 | 0.932611 | 0.24445 | 0.24779 | 0.241263 | 0.246043 | 0.241821 
InterfModel=1 78 | 0.932606 | 0.245036 | 0.247827 | 0.241506 | 0.244688 | 0.243064 
InterfModel=1 79 | 0.932601 | 0.244076 | 0.248235 | 0.242707 | 0.244051 | 0.239559 
InterfModel=1 80 | 0.932616 | 0.243806 | 0.247857 | 0.24105 | 0.245636 | 0.241442 
InterfModel=1 81 | 0.932577 | 0.245002 | 0.247439 | 0.240714 | 0.243948 | 0.242435 
InterfModel=1 82 | 0.932611 | 0.244352 | 0.247997 | 0.243423 | 0.244479 | 0.241529 
InterfModel=1 83 | 0.932561 | 0.243093 | 0.24738 | 0.24212 | 0.244977 | 0.241126 
InterfModel=1 84 | 0.932515 | 0.242887 | 0.24819 | 0.241669 | 0.244311 | 0.242999 
InterfModel=1 85 | 0.932526 | 0.244591 | 0.247281 | 0.242199 | 0.244643 | 0.241664 
InterfModel=1 86 | 0.932625 | 0.244671 | 0.247879 | 0.242342 | 0.244915 | 0.244078 
InterfModel=1 87 | 0.932606 | 0.244251 | 0.24817 | 0.242798 | 0.245749 | 0.243799 
InterfModel=1 88 | 0.932523 | 0.24512 | 0.247572 | 0.240827 | 0.24511 | 0.242288 
InterfModel=1 89 | 0.932545 | 0.244107 | 0.247463 | 0.242846 | 0.244507 | 0.24207 
InterfModel=1 90 | 0.932556 | 0.244073 | 0.24802 | 0.243227 | 0.24373 | 0.2424 
InterfModel=1 91 | 0.932566 | 0.245857 | 0.248179 | 0.242006 | 0.246146 | 0.240875 
InterfModel=1 92 | 0.932564 | 0.243961 | 0.248142 | 0.243686 | 0.244597 | 0.241818 
InterfModel=1 93 | 0.93251 | 0.245705 | 0.247426 | 0.241899 | 0.244866 | 0.241071 
InterfModel=1 94 | 0.932625 | 0.243953 | 0.247916 | 0.240803 | 0.244142 | 0.244566 
InterfModel=1 95 | 0.932505 | 0.244953 | 0.247162 | 0.241946 | 0.245891 | 0.240464 
InterfModel=1 96 | 0.932591 | 0.244395 | 0.247737 | 0.24292 | 0.245905 | 0.241853 
InterfModel=1 97 | 0.932502 | 0.244167 | 0.247503 | 0.242065 | 0.245698 | 0.242426 
InterfModel=1 98 | 0.932611 | 0.245657 | 0.248191 | 0.240727 | 0.245223 | 0.23964 
InterfModel=1 99 | 0.932624 | 0.245297 | 0.247696 | 0.242106 | 0.243659 | 0.240913 
InterfModel=2 0 | 0.932569 | 0.24433 | 0.248405 | 0.242572 | 0.245002 | 0.243005 
InterfModel=2 1 | 0.932499 | 0.245442 | 0.248213 | 0.242983 | 0.244708 | 0.241116 
InterfModel=2 2 | 0.93249 | 0.244201 | 0.247898 | 0.241622 | 0.244722 | 0.242047 
InterfModel=2 3 | 0.932476 | 0.244319 | 0.248406 | 0.241723 | 0.244089 | 0.24294 
InterfModel=2 4 | 0.932455 | 0.243852 | 0.247239 | 0.242039 | 0.245017 | 0.241518 
InterfModel=2 5 | 0.932489 | 0.24426 | 0.247734 | 0.241203 | 0.245135 | 0.241535 
InterfModel=2 6 | 0.932566 | 0.24353 | 0.248219 | 0.241793 | 0.246201 | 0.242245 
InterfModel=2 7 | 0.932556 | 0.244449 | 0.24761 | 0.241088 | 0.244727 | 0.242941 
InterfModel=2 8 | 0.932494 | 0.244815 | 0.247758 | 0.242128 | 0.244189 | 0.242019 
InterfModel=2 9 | 0.93253 | 0.244424 | 0.24802 | 0.242206 | 0.243774 | 0.241988 
InterfModel=2 10 | 0.93251 | 0.244611 | 0.247674 | 0.243315 | 0.245321 | 0.241761 
InterfModel=2 11 | 0.932533 | 0.244013 | 0.24845 | 0.241883 | 0.245925 | 0.242063 
InterfModel=2 12 | 0.932511 | 0.244518 | 0.247788 | 0.241597 | 0.244567 | 0.242722 
InterfModel=2 13 | 0.932581 | 0.24513 | 0.248163 | 0.240305 | 0.245902 | 0.241738 
InterfModel=2 14 | 0.932556 | 0.244874 | 0.247695 | 0.242566 | 0.245231 | 0.240788 
InterfModel=2 15 | 0.932495 | 0.24328 | 0.24778 | 0.241534 | 0.244584 | 0.242054 
InterfModel=2 16 | 0.932556 | 0.243137 | 0.248267 | 0.241877 | 0.244506 | 0.240612 
InterfModel=2 17 | 0.932492 | 0.245617 | 0.248415 | 0.240387 | 0.245597 | 0.2415 
InterfModel=2 18 | 0.932557 | 0.243784 | 0.248255 | 0.241125 | 0.245325 | 0.241061 
InterfModel=2 19 | 0.932467 | 0.244127 | 0.247733 | 0.242416 | 0.24284 | 0.243039 
InterfModel=2 20 | 0.93246 | 0.242903 | 0.247515 | 0.242499 | 0.243904 | 0.242664 
InterfModel=2 21 | 0.9325 | 0.245393 | 0.247971 | 0.241294 | 0.24439 | 0.242588 
InterfModel=2 22 | 0.932495 | 0.243942 | 0.247575 | 0.240529 | 0.245416 | 0.243079 
InterfModel=2 23 | 0.932463 | 0.244864 | 0.247901 | 0.240854 | 0.244114 | 0.241636 
InterfModel=2 24 | 0.932581 | 0.244508 | 0.248257 | 0.242048 | 0.244931 | 0.243779 
InterfModel=2 25 | 0.932577 | 0.244544 | 0.248319 | 0.241067 | 0.244111 | 0.240703 
InterfModel=2 26 | 0.93254 | 0.244446 | 0.24831 | 0.241858 | 0.245247 | 0.242433 
InterfModel=2 27 | 0.932549 | 0.245077 | 0.248263 | 0.240852 | 0.244663 | 0.241252 
InterfModel=2 28 | 0.932459 | 0.24544 | 0.248004 | 0.242304 | 0.243949 | 0.242387 
InterfModel=2 29 | 0.932555 | 0.245417 | 0.248244 | 0.241727 | 0.243816 | 0.24047 
InterfModel=2 30 | 0.932566 | 0.245557 | 0.248212 | 0.243298 | 0.2443 | 0.241548 
InterfModel=2 31 | 0.932556 | 0.244968 | 0.248477 | 0.240582 | 0.245849 | 0.24347 
InterfModel=2 32 | 0.932512 | 0.245496 | 0.248006 | 0.241303 | 0.242884 | 0.239973 
InterfModel=2 33 | 0.932505 | 0.243549 | 0.247846 | 0.242215 | 0.244272 | 0.242625 
InterfModel=2 34 | 0.932578 | 0.245152 | 0.248329 | 0.241557 | 0.245911 | 0.242906 
InterfModel=2 35 | 0.932586 | 0.244818 | 0.248113 | 0.242596 | 0.245892 | 0.242758 
InterfModel=2 36 | 0.93257 | 0.245621 | 0.247582 | 0.240817 | 0.245512 | 0.242199 
InterfModel=2 37 | 0.932546 | 0.245358 | 0.247616 | 0.24292 | 0.244697 | 0.242484 
InterfModel=2 38 | 0.932566 | 0.245231 | 0.247623 | 0.242418 | 0.24543 | 0.244422 
InterfModel=2 39 | 0.932467 | 0.24448 | 0.247809 | 0.24021 | 0.24389 | 0.240929 
InterfModel=2 40 | 0.93254 | 0.245772 | 0.248045 | 0.239743 | 0.245177 | 0.241276 
InterfModel=2 41 | 0.93249 | 0.245242 | 0.247928 | 0.242455 | 0.244575 | 0.240865 
InterfModel=2 42 | 0.932486 | 0.243688 | 0.247447 | 0.242391 | 0.244341 | 0.241658 
InterfModel=2 43 | 0.93246 | 0.244572 | 0.248386 | 0.241479 | 0.243995 | 0.242345 
InterfModel=2 44 | 0.932561 | 0.244236 | 0.248252 | 0.241862 | 0.243451 | 0.24156 
InterfModel=2 45 | 0.932499 | 0.24397 | 0.248072 | 0.240707 | 0.244876 | 0.242552 
InterfModel=2 46 | 0.93257 | 0.244593 | 0.248494 | 0.239271 | 0.244685 | 0.241618 
InterfModel=2 47 | 0.932467 | 0.245362 | 0.247938 | 0.241486 | 0.245066 | 0.242892 
InterfModel=2 48 | 0.93255 | 0.244895 | 0.24789 | 0.241319 | 0.244917 | 0.241537 
InterfModel=2 49 | 0.932478 | 0.244777 | 0.247438 | 0.239752 | 0.244497 | 0.242449 
InterfModel=2 50 | 0.932465 | 0.244521 | 0.247645 | 0.240315 | 0.245622 | 0.242527 
InterfModel=2 51 | 0.932532 | 0.244205 | 0.248163 | 0.241907 | 0.245571 | 0.241912 
InterfModel=2 52 | 0.932579 | 0.245698 | 0.247772 | 0.243202 | 0.244578 | 0.240387 
InterfModel=2 53 | 0.932472 | 0.244731 | 0.247971 | 0.239407 | 0.244758 | 0.239938 
InterfModel=2 54 | 0.932527 | 0.245011 | 0.248246 | 0.239819 | 0.244661 | 0.241703 
InterfModel=2 55 | 0.932523 | 0.244416 | 0.247583 | 0.241662 | 0.245162 | 0.243111 
InterfModel=2 56 | 0.932445 | 0.244744 | 0.247359 | 0.242754 | 0.243182 | 0.243008 
InterfModel=2 57 | 0.932591 | 0.245115 | 0.248509 | 0.240699 | 0.24425 | 0.241996 
InterfModel=2 58 | 0.93254 | 0.245474 | 0.247952 | 0.242822 | 0.242922 | 0.241811 
InterfModel=2 59 | 0.932488 | 0.243996 | 0.247809 | 0.241032 | 0.245988 | 0.24119 
InterfModel=2 60 | 0.932542 | 0.244674 | 0.247618 | 0.242881 | 0.244747 | 0.242447 
InterfModel=2 61 | 0.932572 | 0.244172 | 0.248373 | 0.240398 | 0.243872 | 0.242464 
InterfModel=2 62 | 0.932536 | 0.245065 | 0.247561 | 0.242727 | 0.244844 | 0.241644 
InterfModel=2 63 | 0.932471 | 0.2432 | 0.248 | 0.241763 | 0.245224 | 0.241217 
InterfModel=2 64 | 0.932515 | 0.243667 | 0.248282 | 0.241131 | 0.243465 | 0.242844 
InterfModel=2 65 | 0.932451 | 0.24428 | 0.247363 | 0.240993 | 0.245987 | 0.239902 
InterfModel=2 66 | 0.93251 | 0.244716 | 0.24837 | 0.24158 | 0.244017 | 0.242041 
InterfModel=2 67 | 0.93253 | 0.245024 | 0.248216 | 0.241602 | 0.244121 | 0.24293 
InterfModel=2 68 | 0.932509 | 0.243104 | 0.247767 | 0.241189 | 0.245195 | 0.243294 
InterfModel=2 69 | 0.932552 | 0.243587 | 0.247787 | 0.241021 | 0.244315 | 0.241899 
InterfModel=2 70 | 0.932583 | 0.245314 | 0.248297 | 0.241899 | 0.244081 | 0.243371 
InterfModel=2 71 | 0.932456 | 0.245108 | 0.24768 | 0.240619 | 0.243714 | 0.242727 
InterfModel=2 72 | 0.932546 | 0.244829 | 0.247832 | 0.241778 | 0.24484 | 0.241554 
InterfModel=2 73 | 0.932583 | 0.244457 | 0.247968 | 0.242936 | 0.245384 | 0.243218 
InterfModel=2 74 | 0.932536 | 0.244167 | 0.248281 | 0.241338 | 0.244232 | 0.241812 
InterfModel=2 75 | 0.932558 | 0.245551 | 0.247609 | 0.24206 | 0.245946 | 0.243789 
InterfModel=2 76 | 0.932521 | 0.244181 | 0.24805 | 0.241047 | 0.24444 | 0.241362 
InterfModel=2 77 | 0.93255 | 0.245607 | 0.24766 | 0.24231 | 0.245401 | 0.240616 
InterfModel=2 78 | 0.932563 | 0.243766 | 0.248286 | 0.23996 | 0.243841 | 0.242735 
InterfModel=2 79 | 0.932473 | 0.245181 | 0.247757 | 0.239823 | 0.243913 | 0.241109 
InterfModel=2 80 | 0.932581 | 0.245835 | 0.248413 | 0.239132 | 0.244658 | 0.243282 
InterfModel=2 81 | 0.932579 | 0.245107 | 0.247889 | 0.241294 | 0.244929 | 0.241966 
InterfModel=2 82 | 0.932564 | 0.24404 | 0.247681 | 0.242242 | 0.245753 | 0.243094 
InterfModel=2 83 | 0.93245 | 0.244998 | 0.247937 | 0.241823 | 0.245072 | 0.242101 
InterfModel=2 84 | 0.932488 | 0.243801 | 0.248421 | 0.240901 | 0.245656 | 0.240992 
InterfModel=2 85 | 0.932528 | 0.244718 | 0.247358 | 0.240566 | 0.24511 | 0.24217 
InterfModel=2 86 | 0.932531 | 0.243695 | 0.24789 | 0.240498 | 0.244618 | 0.242273 
InterfModel=2 87 | 0.932583 | 0.244867 | 0.248495 | 0.242579 | 0.245142 | 0.242006 
InterfModel=2 88 | 0.93248 | 0.244564 | 0.247935 | 0.239445 | 0.244324 | 0.242325 
InterfModel=2 89 | 0.932514 | 0.244051 | 0.247282 | 0.24134 | 0.244681 | 0.242024 
InterfModel=2 90 | 0.932482 | 0.244852 | 0.248366 | 0.243092 | 0.243582 | 0.241424 
InterfModel=2 91 | 0.932472 | 0.243912 | 0.247975 | 0.242918 | 0.242232 | 0.241842 
InterfModel=2 92 | 0.932499 | 0.245395 | 0.247953 | 0.240875 | 0.244852 | 0.240626 
InterfModel=2 93 | 0.932585 | 0.246247 | 0.248423 | 0.239451 | 0.245157 | 0.241469 
InterfModel=2 94 | 0.932445 | 0.245363 | 0.24819 | 0.24174 | 0.244374 | 0.241809 
InterfModel=2 95 | 0.932505 | 0.245779 | 0.248417 | 0.240327 | 0.24522 | 0.243522 
InterfModel=2 96 | 0.932461 | 0.243802 | 0.247791 | 0.240111 | 0.244663 | 0.242369 
InterfModel=2 97 | 0.932462 | 0.244186 | 0.24779 | 0.240484 | 0.244699 | 0.241784 
InterfModel=2 98 | 0.932494 | 0.243001 | 0.247927 | 0.240006 | 0.244092 | 0.240872 
InterfModel=2 99 | 0.932544 | 0.242792 | 0.248464 | 0.242623 | 0.244829 | 0.242111 

