CastaliaResults -i saida.txt -s Consumed Energy -n --all -o2                                                             

ResourceManager:Consumed Energy
 | node=0 | node=1 | node=2 | node=3 | node=4 | node=5
InterfModel=0 | 0.932 | 0.245 | 0.248 | 0.242 | 0.245 | 0.242 
InterfModel=1 | 0.933 | 0.245 | 0.248 | 0.242 | 0.245 | 0.242 
InterfModel=2 | 0.933 | 0.245 | 0.248 | 0.242 | 0.245 | 0.242 
ResourceManager:Consumed Energy - all values
 | node=0 | node=1 | node=2 | node=3 | node=4 | node=5
InterfModel=0 0 | 0.932482 | 0.244737 | 0.247648 | 0.241997 | 0.24511 | 0.242123 
InterfModel=0 1 | 0.932477 | 0.245864 | 0.248021 | 0.244464 | 0.246658 | 0.242766 
InterfModel=0 2 | 0.932444 | 0.245401 | 0.248064 | 0.23996 | 0.245652 | 0.241825 
InterfModel=0 3 | 0.932462 | 0.244723 | 0.247937 | 0.240387 | 0.244203 | 0.244305 
InterfModel=0 4 | 0.932538 | 0.245505 | 0.248549 | 0.242319 | 0.243666 | 0.241721 
InterfModel=0 5 | 0.932498 | 0.244288 | 0.248482 | 0.241999 | 0.245493 | 0.241114 
InterfModel=0 6 | 0.932508 | 0.246656 | 0.248361 | 0.241145 | 0.245636 | 0.241884 
InterfModel=0 7 | 0.932472 | 0.245373 | 0.248383 | 0.242764 | 0.243996 | 0.242136 
InterfModel=0 8 | 0.932521 | 0.24464 | 0.248665 | 0.242411 | 0.246388 | 0.242223 
InterfModel=0 9 | 0.932464 | 0.244495 | 0.248618 | 0.241665 | 0.245127 | 0.242429 
InterfModel=0 10 | 0.932422 | 0.24507 | 0.247975 | 0.241368 | 0.243927 | 0.239761 
InterfModel=0 11 | 0.932538 | 0.245908 | 0.248401 | 0.242653 | 0.245949 | 0.243118 
InterfModel=0 12 | 0.932452 | 0.24597 | 0.248111 | 0.242725 | 0.243547 | 0.242099 
InterfModel=0 13 | 0.932478 | 0.246257 | 0.247714 | 0.243191 | 0.244605 | 0.244783 
InterfModel=0 14 | 0.932431 | 0.244503 | 0.24754 | 0.243814 | 0.244414 | 0.241523 
InterfModel=0 15 | 0.932464 | 0.24525 | 0.248089 | 0.242246 | 0.244655 | 0.243099 
InterfModel=0 16 | 0.932408 | 0.244258 | 0.24757 | 0.243144 | 0.245327 | 0.241068 
InterfModel=0 17 | 0.932441 | 0.244825 | 0.247194 | 0.243231 | 0.244356 | 0.241667 
InterfModel=0 18 | 0.932538 | 0.245923 | 0.248069 | 0.241769 | 0.243864 | 0.242776 
InterfModel=0 19 | 0.932517 | 0.243681 | 0.248547 | 0.241543 | 0.244424 | 0.24195 
InterfModel=0 20 | 0.932428 | 0.243713 | 0.247306 | 0.240763 | 0.245038 | 0.242369 
InterfModel=0 21 | 0.932549 | 0.245918 | 0.248301 | 0.240014 | 0.244348 | 0.241849 
InterfModel=0 22 | 0.932433 | 0.243816 | 0.248164 | 0.240802 | 0.244495 | 0.242515 
InterfModel=0 23 | 0.93255 | 0.244634 | 0.248088 | 0.242225 | 0.245186 | 0.241835 
InterfModel=0 24 | 0.932527 | 0.244375 | 0.248246 | 0.244094 | 0.245077 | 0.242059 
InterfModel=0 25 | 0.932522 | 0.244876 | 0.24856 | 0.242261 | 0.244401 | 0.242543 
InterfModel=0 26 | 0.932443 | 0.246344 | 0.247911 | 0.24342 | 0.24392 | 0.242483 
InterfModel=0 27 | 0.932483 | 0.245411 | 0.247445 | 0.239525 | 0.245446 | 0.240707 
InterfModel=0 28 | 0.932487 | 0.245318 | 0.247901 | 0.241484 | 0.245769 | 0.242589 
InterfModel=0 29 | 0.932492 | 0.244744 | 0.248097 | 0.242361 | 0.242494 | 0.243141 
InterfModel=0 30 | 0.932473 | 0.244291 | 0.248405 | 0.242761 | 0.244376 | 0.243477 
InterfModel=0 31 | 0.932505 | 0.245035 | 0.248589 | 0.24307 | 0.244773 | 0.243084 
InterfModel=0 32 | 0.932519 | 0.244206 | 0.24859 | 0.240495 | 0.243951 | 0.24106 
InterfModel=0 33 | 0.932539 | 0.245729 | 0.248461 | 0.23948 | 0.244903 | 0.242834 
InterfModel=0 34 | 0.932541 | 0.244735 | 0.248414 | 0.242568 | 0.245513 | 0.242819 
InterfModel=0 35 | 0.932502 | 0.245351 | 0.248789 | 0.243842 | 0.245135 | 0.242929 
InterfModel=0 36 | 0.932497 | 0.244935 | 0.248406 | 0.239243 | 0.244779 | 0.241763 
InterfModel=0 37 | 0.932415 | 0.244728 | 0.247748 | 0.242972 | 0.245494 | 0.244156 
InterfModel=0 38 | 0.932448 | 0.24522 | 0.248052 | 0.241504 | 0.243749 | 0.242108 
InterfModel=0 39 | 0.932458 | 0.24543 | 0.247861 | 0.242918 | 0.24551 | 0.240646 
InterfModel=0 40 | 0.932444 | 0.245024 | 0.248339 | 0.241922 | 0.24555 | 0.242124 
InterfModel=0 41 | 0.932455 | 0.244659 | 0.248226 | 0.240025 | 0.24366 | 0.242665 
InterfModel=0 42 | 0.93244 | 0.244516 | 0.248057 | 0.242386 | 0.245611 | 0.243114 
InterfModel=0 43 | 0.932446 | 0.244818 | 0.247972 | 0.240111 | 0.244692 | 0.244169 
InterfModel=0 44 | 0.932501 | 0.244801 | 0.247948 | 0.242119 | 0.244651 | 0.242806 
InterfModel=0 45 | 0.932523 | 0.245552 | 0.247967 | 0.242068 | 0.244893 | 0.243468 
InterfModel=0 46 | 0.932437 | 0.244008 | 0.247938 | 0.242165 | 0.244375 | 0.241804 
InterfModel=0 47 | 0.932488 | 0.243973 | 0.247765 | 0.241268 | 0.244749 | 0.242971 
InterfModel=0 48 | 0.932445 | 0.244338 | 0.247784 | 0.241796 | 0.245364 | 0.241329 
InterfModel=0 49 | 0.93254 | 0.245038 | 0.248414 | 0.242387 | 0.245247 | 0.240734 
InterfModel=0 50 | 0.93242 | 0.24557 | 0.247704 | 0.241285 | 0.243955 | 0.24094 
InterfModel=0 51 | 0.932508 | 0.246765 | 0.24806 | 0.242828 | 0.243754 | 0.242209 
InterfModel=0 52 | 0.932453 | 0.243653 | 0.24807 | 0.241944 | 0.244633 | 0.243042 
InterfModel=0 53 | 0.932525 | 0.24421 | 0.248231 | 0.243477 | 0.244637 | 0.243842 
InterfModel=0 54 | 0.932443 | 0.244894 | 0.247885 | 0.241124 | 0.245407 | 0.243672 
InterfModel=0 55 | 0.932445 | 0.244719 | 0.247713 | 0.241823 | 0.245311 | 0.243814 
InterfModel=0 56 | 0.932521 | 0.246135 | 0.248244 | 0.240735 | 0.245129 | 0.24265 
InterfModel=0 57 | 0.932547 | 0.245162 | 0.248259 | 0.240764 | 0.244033 | 0.241401 
InterfModel=0 58 | 0.932528 | 0.245549 | 0.248586 | 0.240897 | 0.245222 | 0.242783 
InterfModel=0 59 | 0.932487 | 0.243837 | 0.248236 | 0.242276 | 0.244043 | 0.242199 
InterfModel=0 60 | 0.932475 | 0.246073 | 0.247886 | 0.241705 | 0.244589 | 0.241549 
InterfModel=0 61 | 0.932509 | 0.244352 | 0.248589 | 0.243266 | 0.245155 | 0.242177 
InterfModel=0 62 | 0.932461 | 0.243777 | 0.248213 | 0.241481 | 0.244449 | 0.241684 
InterfModel=0 63 | 0.932437 | 0.24563 | 0.247846 | 0.240718 | 0.245123 | 0.240152 
InterfModel=0 64 | 0.932522 | 0.243778 | 0.248255 | 0.242788 | 0.243761 | 0.242748 
InterfModel=0 65 | 0.932534 | 0.245384 | 0.248451 | 0.242105 | 0.244818 | 0.240313 
InterfModel=0 66 | 0.93255 | 0.245451 | 0.248014 | 0.242312 | 0.245118 | 0.243871 
InterfModel=0 67 | 0.932466 | 0.245062 | 0.248066 | 0.243222 | 0.245054 | 0.241895 
InterfModel=0 68 | 0.932502 | 0.244505 | 0.247769 | 0.240467 | 0.245986 | 0.241844 
InterfModel=0 69 | 0.932451 | 0.244474 | 0.247986 | 0.244534 | 0.244907 | 0.242224 
InterfModel=0 70 | 0.932415 | 0.245365 | 0.247841 | 0.242008 | 0.243065 | 0.241211 
InterfModel=0 71 | 0.93249 | 0.246032 | 0.248574 | 0.243123 | 0.244786 | 0.240515 
InterfModel=0 72 | 0.93245 | 0.244915 | 0.248125 | 0.240645 | 0.244505 | 0.241888 
InterfModel=0 73 | 0.932531 | 0.244501 | 0.248209 | 0.243805 | 0.246078 | 0.241857 
InterfModel=0 74 | 0.932482 | 0.243843 | 0.247774 | 0.243213 | 0.245474 | 0.241169 
InterfModel=0 75 | 0.932492 | 0.245764 | 0.248155 | 0.239638 | 0.244625 | 0.241861 
InterfModel=0 76 | 0.932447 | 0.245568 | 0.248382 | 0.240095 | 0.244369 | 0.24169 
InterfModel=0 77 | 0.93241 | 0.243795 | 0.2475 | 0.24247 | 0.245324 | 0.243045 
InterfModel=0 78 | 0.932439 | 0.245025 | 0.247336 | 0.240147 | 0.245077 | 0.243716 
InterfModel=0 79 | 0.932513 | 0.245532 | 0.247553 | 0.241141 | 0.244969 | 0.240975 
InterfModel=0 80 | 0.932539 | 0.244891 | 0.248644 | 0.243614 | 0.244232 | 0.242964 
InterfModel=0 81 | 0.93241 | 0.243944 | 0.247983 | 0.242005 | 0.245112 | 0.242864 
InterfModel=0 82 | 0.932541 | 0.245472 | 0.248608 | 0.242671 | 0.243774 | 0.24142 
InterfModel=0 83 | 0.932432 | 0.243645 | 0.248192 | 0.241052 | 0.244819 | 0.240905 
InterfModel=0 84 | 0.932455 | 0.245468 | 0.248093 | 0.24558 | 0.245083 | 0.243246 
InterfModel=0 85 | 0.932436 | 0.246384 | 0.24817 | 0.243177 | 0.244957 | 0.243014 
InterfModel=0 86 | 0.932548 | 0.244917 | 0.24849 | 0.241278 | 0.245421 | 0.24326 
InterfModel=0 87 | 0.932435 | 0.245079 | 0.248134 | 0.242052 | 0.244882 | 0.240294 
InterfModel=0 88 | 0.932457 | 0.246068 | 0.248235 | 0.242896 | 0.243897 | 0.242188 
InterfModel=0 89 | 0.932531 | 0.244809 | 0.248001 | 0.239281 | 0.244293 | 0.242646 
InterfModel=0 90 | 0.932517 | 0.24408 | 0.247922 | 0.243232 | 0.245691 | 0.242794 
InterfModel=0 91 | 0.932546 | 0.244677 | 0.248209 | 0.243627 | 0.245396 | 0.243647 
InterfModel=0 92 | 0.932459 | 0.245483 | 0.247809 | 0.240843 | 0.244909 | 0.24158 
InterfModel=0 93 | 0.932498 | 0.244319 | 0.24859 | 0.240977 | 0.245043 | 0.241718 
InterfModel=0 94 | 0.932464 | 0.246247 | 0.248425 | 0.240816 | 0.244964 | 0.242747 
InterfModel=0 95 | 0.932466 | 0.244481 | 0.247862 | 0.243192 | 0.243225 | 0.242077 
InterfModel=0 96 | 0.932498 | 0.245493 | 0.248225 | 0.241813 | 0.244565 | 0.244687 
InterfModel=0 97 | 0.932523 | 0.244971 | 0.247579 | 0.240842 | 0.244572 | 0.243178 
InterfModel=0 98 | 0.932499 | 0.245772 | 0.247981 | 0.241112 | 0.245212 | 0.242659 
InterfModel=0 99 | 0.932533 | 0.246083 | 0.248398 | 0.243057 | 0.245798 | 0.240774 
InterfModel=1 0 | 0.932589 | 0.243467 | 0.248303 | 0.241682 | 0.245449 | 0.24356 
InterfModel=1 1 | 0.932584 | 0.244237 | 0.247978 | 0.241578 | 0.244791 | 0.242598 
InterfModel=1 2 | 0.932503 | 0.24443 | 0.247952 | 0.240541 | 0.245468 | 0.24289 
InterfModel=1 3 | 0.932584 | 0.243956 | 0.247983 | 0.243355 | 0.245519 | 0.241778 
InterfModel=1 4 | 0.932547 | 0.244593 | 0.248001 | 0.243314 | 0.245102 | 0.243349 
InterfModel=1 5 | 0.932519 | 0.245281 | 0.248262 | 0.243199 | 0.24571 | 0.242196 
InterfModel=1 6 | 0.932492 | 0.24422 | 0.248016 | 0.24182 | 0.245407 | 0.241699 
InterfModel=1 7 | 0.932541 | 0.245834 | 0.247927 | 0.24218 | 0.245207 | 0.240939 
InterfModel=1 8 | 0.932504 | 0.24461 | 0.247579 | 0.24206 | 0.244799 | 0.241985 
InterfModel=1 9 | 0.932527 | 0.244838 | 0.248256 | 0.242884 | 0.245614 | 0.242679 
InterfModel=1 10 | 0.932564 | 0.244918 | 0.24807 | 0.240311 | 0.244134 | 0.242466 
InterfModel=1 11 | 0.932495 | 0.244339 | 0.248416 | 0.242259 | 0.245854 | 0.241093 
InterfModel=1 12 | 0.932514 | 0.24542 | 0.247923 | 0.240782 | 0.244782 | 0.243198 
InterfModel=1 13 | 0.932584 | 0.24408 | 0.248086 | 0.242266 | 0.244982 | 0.24419 
InterfModel=1 14 | 0.932602 | 0.244363 | 0.248026 | 0.241913 | 0.243938 | 0.242362 
InterfModel=1 15 | 0.932475 | 0.245245 | 0.247753 | 0.24182 | 0.244366 | 0.24165 
InterfModel=1 16 | 0.932475 | 0.243329 | 0.24792 | 0.238678 | 0.244333 | 0.241386 
InterfModel=1 17 | 0.932567 | 0.245647 | 0.247972 | 0.239638 | 0.244733 | 0.243054 
InterfModel=1 18 | 0.932555 | 0.244767 | 0.247741 | 0.243356 | 0.245709 | 0.240091 
InterfModel=1 19 | 0.932545 | 0.245961 | 0.248403 | 0.240731 | 0.244654 | 0.24264 
InterfModel=1 20 | 0.932581 | 0.243246 | 0.248185 | 0.242598 | 0.24576 | 0.241984 
InterfModel=1 21 | 0.932463 | 0.245259 | 0.247377 | 0.240927 | 0.244781 | 0.241113 
InterfModel=1 22 | 0.932581 | 0.246039 | 0.248347 | 0.239848 | 0.245414 | 0.242399 
InterfModel=1 23 | 0.932601 | 0.246158 | 0.248433 | 0.242544 | 0.245204 | 0.241568 
InterfModel=1 24 | 0.932473 | 0.243893 | 0.247988 | 0.240673 | 0.244881 | 0.243381 
InterfModel=1 25 | 0.932602 | 0.245114 | 0.2478 | 0.240082 | 0.24545 | 0.242427 
InterfModel=1 26 | 0.932556 | 0.2435 | 0.248301 | 0.244656 | 0.245978 | 0.243064 
InterfModel=1 27 | 0.932589 | 0.244904 | 0.24797 | 0.242442 | 0.245665 | 0.241955 
InterfModel=1 28 | 0.932571 | 0.243541 | 0.248304 | 0.242244 | 0.245013 | 0.239861 
InterfModel=1 29 | 0.932522 | 0.246505 | 0.247931 | 0.242724 | 0.245738 | 0.242005 
InterfModel=1 30 | 0.9325 | 0.245438 | 0.247834 | 0.241124 | 0.24519 | 0.244116 
InterfModel=1 31 | 0.932567 | 0.244443 | 0.248141 | 0.241273 | 0.245234 | 0.243209 
InterfModel=1 32 | 0.932612 | 0.244023 | 0.248326 | 0.243993 | 0.246221 | 0.24313 
InterfModel=1 33 | 0.932546 | 0.246054 | 0.247798 | 0.242005 | 0.244368 | 0.243236 
InterfModel=1 34 | 0.932557 | 0.24528 | 0.248156 | 0.243314 | 0.244008 | 0.241985 
InterfModel=1 35 | 0.932494 | 0.243869 | 0.247809 | 0.24166 | 0.246237 | 0.243291 
InterfModel=1 36 | 0.93249 | 0.244692 | 0.2478 | 0.240728 | 0.245049 | 0.242771 
InterfModel=1 37 | 0.932588 | 0.245025 | 0.24832 | 0.242947 | 0.24405 | 0.242384 
InterfModel=1 38 | 0.932537 | 0.244733 | 0.247981 | 0.242761 | 0.244617 | 0.242677 
InterfModel=1 39 | 0.932481 | 0.245052 | 0.247593 | 0.241744 | 0.244138 | 0.24256 
InterfModel=1 40 | 0.932524 | 0.245224 | 0.248417 | 0.241784 | 0.24571 | 0.241698 
InterfModel=1 41 | 0.932501 | 0.244912 | 0.247814 | 0.242627 | 0.244362 | 0.243621 
InterfModel=1 42 | 0.932491 | 0.245077 | 0.248423 | 0.241865 | 0.24546 | 0.243362 
InterfModel=1 43 | 0.932564 | 0.245515 | 0.248362 | 0.242069 | 0.244958 | 0.241501 
InterfModel=1 44 | 0.932477 | 0.243504 | 0.248257 | 0.242338 | 0.244001 | 0.242019 
InterfModel=1 45 | 0.932518 | 0.244877 | 0.247809 | 0.241896 | 0.245227 | 0.243206 
InterfModel=1 46 | 0.932557 | 0.244873 | 0.248254 | 0.241793 | 0.245177 | 0.242663 
InterfModel=1 47 | 0.932515 | 0.245281 | 0.2484 | 0.240723 | 0.245876 | 0.241843 
InterfModel=1 48 | 0.932551 | 0.243621 | 0.247594 | 0.243609 | 0.245011 | 0.241462 
InterfModel=1 49 | 0.932549 | 0.244087 | 0.248183 | 0.242551 | 0.244551 | 0.242879 
InterfModel=1 50 | 0.932583 | 0.244726 | 0.247998 | 0.243915 | 0.245208 | 0.243612 
InterfModel=1 51 | 0.932523 | 0.244578 | 0.248022 | 0.240479 | 0.24523 | 0.241672 
InterfModel=1 52 | 0.932611 | 0.246077 | 0.248266 | 0.24274 | 0.244729 | 0.243453 
InterfModel=1 53 | 0.932468 | 0.245243 | 0.247113 | 0.242622 | 0.244486 | 0.24239 
InterfModel=1 54 | 0.932492 | 0.245147 | 0.247912 | 0.241944 | 0.244874 | 0.243181 
InterfModel=1 55 | 0.932497 | 0.244737 | 0.247896 | 0.24259 | 0.245889 | 0.244151 
InterfModel=1 56 | 0.932553 | 0.244696 | 0.248322 | 0.242079 | 0.244731 | 0.241827 
InterfModel=1 57 | 0.932466 | 0.244593 | 0.247538 | 0.241336 | 0.244296 | 0.24392 
InterfModel=1 58 | 0.932548 | 0.245655 | 0.247641 | 0.240483 | 0.244506 | 0.242772 
InterfModel=1 59 | 0.932479 | 0.245439 | 0.247964 | 0.242065 | 0.244631 | 0.243276 
InterfModel=1 60 | 0.932571 | 0.244899 | 0.248298 | 0.243992 | 0.245781 | 0.244075 
InterfModel=1 61 | 0.932542 | 0.244907 | 0.248075 | 0.240163 | 0.245564 | 0.240305 
InterfModel=1 62 | 0.932497 | 0.244402 | 0.247769 | 0.241509 | 0.245303 | 0.241825 
InterfModel=1 63 | 0.932533 | 0.245534 | 0.248116 | 0.242055 | 0.244845 | 0.245228 
InterfModel=1 64 | 0.93255 | 0.244557 | 0.24761 | 0.2422 | 0.245425 | 0.241307 
InterfModel=1 65 | 0.932605 | 0.244961 | 0.247729 | 0.24217 | 0.245546 | 0.242328 
InterfModel=1 66 | 0.932551 | 0.243935 | 0.24842 | 0.242168 | 0.245362 | 0.243938 
InterfModel=1 67 | 0.932599 | 0.244607 | 0.248246 | 0.24394 | 0.244699 | 0.241656 
InterfModel=1 68 | 0.932531 | 0.2454 | 0.248409 | 0.242115 | 0.245525 | 0.242886 
InterfModel=1 69 | 0.932607 | 0.245238 | 0.248003 | 0.24259 | 0.244383 | 0.242379 
InterfModel=1 70 | 0.932605 | 0.244097 | 0.247846 | 0.242051 | 0.245532 | 0.243268 
InterfModel=1 71 | 0.932559 | 0.244899 | 0.248245 | 0.243308 | 0.245024 | 0.24358 
InterfModel=1 72 | 0.932501 | 0.244359 | 0.247888 | 0.244374 | 0.244371 | 0.242566 
InterfModel=1 73 | 0.93254 | 0.244445 | 0.248439 | 0.241393 | 0.244136 | 0.243316 
InterfModel=1 74 | 0.932583 | 0.24414 | 0.248386 | 0.242428 | 0.243877 | 0.241021 
InterfModel=1 75 | 0.932488 | 0.244386 | 0.247837 | 0.2425 | 0.244305 | 0.241449 
InterfModel=1 76 | 0.932457 | 0.244316 | 0.247725 | 0.240798 | 0.245252 | 0.241981 
InterfModel=1 77 | 0.932581 | 0.246106 | 0.248393 | 0.241792 | 0.245263 | 0.242752 
InterfModel=1 78 | 0.93258 | 0.244104 | 0.248239 | 0.240136 | 0.246228 | 0.243318 
InterfModel=1 79 | 0.93257 | 0.245954 | 0.248447 | 0.242368 | 0.244526 | 0.241349 
InterfModel=1 80 | 0.93258 | 0.246015 | 0.248457 | 0.240862 | 0.244717 | 0.242558 
InterfModel=1 81 | 0.932549 | 0.244181 | 0.248034 | 0.241297 | 0.244778 | 0.241954 
InterfModel=1 82 | 0.932585 | 0.243686 | 0.248401 | 0.244482 | 0.2444 | 0.243377 
InterfModel=1 83 | 0.932529 | 0.24532 | 0.247626 | 0.240943 | 0.244899 | 0.243268 
InterfModel=1 84 | 0.932485 | 0.245439 | 0.248238 | 0.240278 | 0.243769 | 0.243564 
InterfModel=1 85 | 0.932498 | 0.244843 | 0.248038 | 0.244032 | 0.245647 | 0.24218 
InterfModel=1 86 | 0.932599 | 0.246518 | 0.24848 | 0.241518 | 0.243628 | 0.243754 
InterfModel=1 87 | 0.93258 | 0.244857 | 0.247898 | 0.242815 | 0.245699 | 0.241704 
InterfModel=1 88 | 0.932494 | 0.244682 | 0.247846 | 0.240393 | 0.245083 | 0.241235 
InterfModel=1 89 | 0.932521 | 0.245948 | 0.248225 | 0.242897 | 0.244417 | 0.241416 
InterfModel=1 90 | 0.932526 | 0.24453 | 0.248443 | 0.24118 | 0.243615 | 0.241917 
InterfModel=1 91 | 0.932539 | 0.245075 | 0.247886 | 0.242205 | 0.2459 | 0.242664 
InterfModel=1 92 | 0.932541 | 0.24353 | 0.248213 | 0.242336 | 0.243484 | 0.240982 
InterfModel=1 93 | 0.932482 | 0.243321 | 0.247884 | 0.239056 | 0.244113 | 0.243563 
InterfModel=1 94 | 0.932598 | 0.246006 | 0.248286 | 0.239589 | 0.245199 | 0.242497 
InterfModel=1 95 | 0.932477 | 0.245041 | 0.247905 | 0.24125 | 0.244964 | 0.242397 
InterfModel=1 96 | 0.93257 | 0.243072 | 0.248529 | 0.239915 | 0.245004 | 0.24061 
InterfModel=1 97 | 0.932477 | 0.24527 | 0.248115 | 0.240157 | 0.245331 | 0.242413 
InterfModel=1 98 | 0.932587 | 0.24575 | 0.247221 | 0.241241 | 0.24479 | 0.243231 
InterfModel=1 99 | 0.932595 | 0.245577 | 0.248454 | 0.241398 | 0.244165 | 0.244248 
InterfModel=2 0 | 0.932554 | 0.2437 | 0.247884 | 0.24265 | 0.245532 | 0.242547 
InterfModel=2 1 | 0.932484 | 0.245539 | 0.248394 | 0.241051 | 0.244456 | 0.243116 
InterfModel=2 2 | 0.93247 | 0.245877 | 0.247702 | 0.241806 | 0.244837 | 0.241365 
InterfModel=2 3 | 0.932461 | 0.244393 | 0.248042 | 0.242787 | 0.244006 | 0.240802 
InterfModel=2 4 | 0.93244 | 0.244458 | 0.247972 | 0.242227 | 0.245138 | 0.241292 
InterfModel=2 5 | 0.932478 | 0.244679 | 0.247365 | 0.241597 | 0.245597 | 0.240794 
InterfModel=2 6 | 0.932551 | 0.243904 | 0.247675 | 0.242795 | 0.245158 | 0.244773 
InterfModel=2 7 | 0.932538 | 0.244149 | 0.24796 | 0.239873 | 0.244232 | 0.243006 
InterfModel=2 8 | 0.932477 | 0.245576 | 0.247561 | 0.241211 | 0.243763 | 0.241903 
InterfModel=2 9 | 0.93251 | 0.244499 | 0.248518 | 0.24276 | 0.24512 | 0.242291 
InterfModel=2 10 | 0.932497 | 0.244465 | 0.247841 | 0.241934 | 0.245159 | 0.243002 
InterfModel=2 11 | 0.932522 | 0.245153 | 0.248442 | 0.242881 | 0.244634 | 0.242434 
InterfModel=2 12 | 0.932498 | 0.24564 | 0.248132 | 0.239866 | 0.244127 | 0.242663 
InterfModel=2 13 | 0.93257 | 0.246434 | 0.248145 | 0.244155 | 0.244728 | 0.241395 
InterfModel=2 14 | 0.932536 | 0.245321 | 0.248218 | 0.242954 | 0.244337 | 0.242768 
InterfModel=2 15 | 0.93248 | 0.244027 | 0.247781 | 0.242257 | 0.245436 | 0.24005 
InterfModel=2 16 | 0.932544 | 0.245336 | 0.248633 | 0.238198 | 0.245738 | 0.2421 
InterfModel=2 17 | 0.932478 | 0.244065 | 0.248224 | 0.242147 | 0.245712 | 0.241966 
InterfModel=2 18 | 0.932543 | 0.245249 | 0.248602 | 0.242214 | 0.24477 | 0.242488 
InterfModel=2 19 | 0.932456 | 0.244879 | 0.247722 | 0.241151 | 0.243575 | 0.24222 
InterfModel=2 20 | 0.932448 | 0.243329 | 0.248026 | 0.240908 | 0.24384 | 0.243269 
InterfModel=2 21 | 0.932485 | 0.242848 | 0.247767 | 0.242702 | 0.244522 | 0.243893 
InterfModel=2 22 | 0.932482 | 0.243833 | 0.248097 | 0.239825 | 0.245951 | 0.243644 
InterfModel=2 23 | 0.932452 | 0.244564 | 0.247893 | 0.238094 | 0.243455 | 0.24068 
InterfModel=2 24 | 0.93257 | 0.243528 | 0.247897 | 0.241195 | 0.245289 | 0.243469 
InterfModel=2 25 | 0.932563 | 0.243386 | 0.248482 | 0.243178 | 0.244594 | 0.243564 
InterfModel=2 26 | 0.932526 | 0.244301 | 0.247764 | 0.242217 | 0.245337 | 0.242411 
InterfModel=2 27 | 0.932537 | 0.245154 | 0.24828 | 0.243718 | 0.245931 | 0.24285 
InterfModel=2 28 | 0.932444 | 0.244637 | 0.247978 | 0.242342 | 0.244487 | 0.242725 
InterfModel=2 29 | 0.932536 | 0.245141 | 0.248594 | 0.243356 | 0.243739 | 0.241964 
InterfModel=2 30 | 0.932549 | 0.245793 | 0.248381 | 0.242759 | 0.245342 | 0.242292 
InterfModel=2 31 | 0.932543 | 0.246126 | 0.248624 | 0.242729 | 0.246039 | 0.242788 
InterfModel=2 32 | 0.932498 | 0.245361 | 0.247466 | 0.242016 | 0.245116 | 0.241617 
InterfModel=2 33 | 0.932491 | 0.243046 | 0.248186 | 0.242249 | 0.244795 | 0.243228 
InterfModel=2 34 | 0.932564 | 0.24661 | 0.248476 | 0.242785 | 0.245033 | 0.24294 
InterfModel=2 35 | 0.932573 | 0.245948 | 0.24844 | 0.240435 | 0.245009 | 0.24296 
InterfModel=2 36 | 0.932559 | 0.246208 | 0.247758 | 0.23914 | 0.244857 | 0.242926 
InterfModel=2 37 | 0.932529 | 0.245608 | 0.247783 | 0.242038 | 0.245579 | 0.243431 
InterfModel=2 38 | 0.932548 | 0.245471 | 0.247993 | 0.241533 | 0.243931 | 0.243391 
InterfModel=2 39 | 0.932452 | 0.245784 | 0.247981 | 0.241116 | 0.245166 | 0.241663 
InterfModel=2 40 | 0.932529 | 0.245111 | 0.24839 | 0.240478 | 0.244775 | 0.242633 
InterfModel=2 41 | 0.932476 | 0.242135 | 0.247765 | 0.242492 | 0.24437 | 0.243027 
InterfModel=2 42 | 0.932471 | 0.24342 | 0.24798 | 0.241535 | 0.244797 | 0.241902 
InterfModel=2 43 | 0.932448 | 0.244448 | 0.248215 | 0.241852 | 0.244485 | 0.24101 
InterfModel=2 44 | 0.932548 | 0.245162 | 0.248434 | 0.244015 | 0.244332 | 0.242702 
InterfModel=2 45 | 0.932487 | 0.245284 | 0.248419 | 0.241449 | 0.245073 | 0.243459 
InterfModel=2 46 | 0.932556 | 0.243711 | 0.248499 | 0.241052 | 0.244863 | 0.242219 
InterfModel=2 47 | 0.932455 | 0.245782 | 0.247937 | 0.243267 | 0.245215 | 0.24259 
InterfModel=2 48 | 0.932536 | 0.244437 | 0.248591 | 0.242208 | 0.244168 | 0.243818 
InterfModel=2 49 | 0.932463 | 0.244821 | 0.247798 | 0.242048 | 0.244682 | 0.242317 
InterfModel=2 50 | 0.93245 | 0.244754 | 0.247847 | 0.243167 | 0.244886 | 0.240827 
InterfModel=2 51 | 0.932516 | 0.244299 | 0.248339 | 0.240866 | 0.244999 | 0.24251 
InterfModel=2 52 | 0.932564 | 0.245757 | 0.247967 | 0.242584 | 0.245293 | 0.242557 
InterfModel=2 53 | 0.932459 | 0.244256 | 0.247796 | 0.241878 | 0.244285 | 0.24052 
InterfModel=2 54 | 0.932509 | 0.244384 | 0.248586 | 0.242424 | 0.245676 | 0.242831 
InterfModel=2 55 | 0.932507 | 0.245197 | 0.248115 | 0.243814 | 0.244987 | 0.241375 
InterfModel=2 56 | 0.932433 | 0.243572 | 0.248058 | 0.241158 | 0.243863 | 0.2412 
InterfModel=2 57 | 0.932577 | 0.24566 | 0.248321 | 0.239678 | 0.244778 | 0.241014 
InterfModel=2 58 | 0.932523 | 0.24552 | 0.247752 | 0.240165 | 0.245005 | 0.243263 
InterfModel=2 59 | 0.932476 | 0.244375 | 0.24746 | 0.243872 | 0.245663 | 0.241717 
InterfModel=2 60 | 0.93253 | 0.245653 | 0.247971 | 0.241068 | 0.246127 | 0.242312 
InterfModel=2 61 | 0.932555 | 0.243752 | 0.248375 | 0.240965 | 0.245688 | 0.239952 
InterfModel=2 62 | 0.932518 | 0.245841 | 0.247565 | 0.243619 | 0.244653 | 0.242556 
InterfModel=2 63 | 0.932452 | 0.243391 | 0.247821 | 0.24018 | 0.244857 | 0.241632 
InterfModel=2 64 | 0.932499 | 0.245306 | 0.248271 | 0.243292 | 0.245371 | 0.243645 
InterfModel=2 65 | 0.932433 | 0.244499 | 0.247879 | 0.243797 | 0.244815 | 0.242355 
InterfModel=2 66 | 0.932493 | 0.245114 | 0.248381 | 0.242438 | 0.243678 | 0.243477 
InterfModel=2 67 | 0.932515 | 0.245219 | 0.248388 | 0.241208 | 0.245123 | 0.241622 
InterfModel=2 68 | 0.932494 | 0.245107 | 0.247756 | 0.240508 | 0.244278 | 0.241449 
InterfModel=2 69 | 0.932541 | 0.244352 | 0.248137 | 0.243177 | 0.244156 | 0.243374 
InterfModel=2 70 | 0.932567 | 0.245525 | 0.24827 | 0.239851 | 0.244955 | 0.240914 
InterfModel=2 71 | 0.932437 | 0.245541 | 0.247848 | 0.241722 | 0.243302 | 0.242123 
InterfModel=2 72 | 0.93253 | 0.245432 | 0.248019 | 0.240381 | 0.244949 | 0.242577 
InterfModel=2 73 | 0.932563 | 0.245759 | 0.248488 | 0.243624 | 0.245348 | 0.241891 
InterfModel=2 74 | 0.932525 | 0.245132 | 0.248273 | 0.241732 | 0.244403 | 0.243233 
InterfModel=2 75 | 0.932541 | 0.245461 | 0.247773 | 0.240847 | 0.245206 | 0.24266 
InterfModel=2 76 | 0.932504 | 0.244954 | 0.248393 | 0.240178 | 0.245612 | 0.241427 
InterfModel=2 77 | 0.932533 | 0.244053 | 0.248371 | 0.243543 | 0.244529 | 0.242798 
InterfModel=2 78 | 0.932539 | 0.244517 | 0.248083 | 0.241961 | 0.245515 | 0.241777 
InterfModel=2 79 | 0.932458 | 0.244352 | 0.247556 | 0.241622 | 0.244946 | 0.238692 
InterfModel=2 80 | 0.932567 | 0.245384 | 0.248606 | 0.242316 | 0.245432 | 0.242211 
InterfModel=2 81 | 0.932561 | 0.246437 | 0.248046 | 0.243247 | 0.245766 | 0.244484 
InterfModel=2 82 | 0.932546 | 0.246736 | 0.248044 | 0.242101 | 0.245163 | 0.241599 
InterfModel=2 83 | 0.932433 | 0.245405 | 0.247584 | 0.241029 | 0.244875 | 0.242133 
InterfModel=2 84 | 0.932476 | 0.243885 | 0.248589 | 0.242495 | 0.244383 | 0.243164 
InterfModel=2 85 | 0.932512 | 0.244229 | 0.248048 | 0.242131 | 0.245608 | 0.24235 
InterfModel=2 86 | 0.932522 | 0.244949 | 0.24755 | 0.240825 | 0.244023 | 0.242708 
InterfModel=2 87 | 0.932567 | 0.246145 | 0.248401 | 0.241677 | 0.246044 | 0.241321 
InterfModel=2 88 | 0.932468 | 0.243207 | 0.247919 | 0.24266 | 0.244835 | 0.244835 
InterfModel=2 89 | 0.9325 | 0.244616 | 0.247621 | 0.244023 | 0.245102 | 0.242061 
InterfModel=2 90 | 0.932467 | 0.243856 | 0.248185 | 0.2424 | 0.244491 | 0.242295 
InterfModel=2 91 | 0.932453 | 0.24291 | 0.248133 | 0.242947 | 0.243626 | 0.242796 
InterfModel=2 92 | 0.932489 | 0.246133 | 0.247794 | 0.242835 | 0.244455 | 0.243188 
InterfModel=2 93 | 0.93257 | 0.244172 | 0.248243 | 0.241899 | 0.245333 | 0.243237 
InterfModel=2 94 | 0.932427 | 0.2447 | 0.248354 | 0.241022 | 0.242909 | 0.241594 
InterfModel=2 95 | 0.93249 | 0.244922 | 0.248233 | 0.241391 | 0.244706 | 0.241606 
InterfModel=2 96 | 0.932445 | 0.246149 | 0.247982 | 0.242263 | 0.244621 | 0.241746 
InterfModel=2 97 | 0.932445 | 0.243336 | 0.247967 | 0.241796 | 0.245765 | 0.241424 
InterfModel=2 98 | 0.932476 | 0.2443 | 0.247555 | 0.241423 | 0.244286 | 0.243174 
InterfModel=2 99 | 0.932531 | 0.246755 | 0.248636 | 0.243516 | 0.2454 | 0.243138 

