CastaliaResults -i saida.txt -s Consumed Energy -n --all -o2                                                             

ResourceManager:Consumed Energy
 | node=0 | node=1 | node=2 | node=3 | node=4 | node=5
InterfModel=0 | 0.932 | 0.245 | 0.248 | 0.242 | 0.245 | 0.243 
InterfModel=1 | 0.933 | 0.245 | 0.248 | 0.242 | 0.245 | 0.243 
InterfModel=2 | 0.932 | 0.245 | 0.248 | 0.242 | 0.245 | 0.243 
ResourceManager:Consumed Energy - all values
 | node=0 | node=1 | node=2 | node=3 | node=4 | node=5
InterfModel=0 0 | 0.932477 | 0.245663 | 0.248583 | 0.241642 | 0.245506 | 0.24251 
InterfModel=0 1 | 0.932468 | 0.246051 | 0.248386 | 0.244109 | 0.245464 | 0.243342 
InterfModel=0 2 | 0.932437 | 0.243817 | 0.248089 | 0.243644 | 0.244683 | 0.243582 
InterfModel=0 3 | 0.932453 | 0.244787 | 0.247943 | 0.241785 | 0.245968 | 0.24299 
InterfModel=0 4 | 0.932533 | 0.245356 | 0.248572 | 0.242986 | 0.245817 | 0.245025 
InterfModel=0 5 | 0.932494 | 0.245362 | 0.248676 | 0.241954 | 0.244164 | 0.242408 
InterfModel=0 6 | 0.932498 | 0.244032 | 0.248377 | 0.24129 | 0.246014 | 0.242177 
InterfModel=0 7 | 0.93247 | 0.24574 | 0.248748 | 0.243955 | 0.245657 | 0.243423 
InterfModel=0 8 | 0.932517 | 0.245017 | 0.248676 | 0.243781 | 0.245526 | 0.241741 
InterfModel=0 9 | 0.932452 | 0.245767 | 0.24861 | 0.242885 | 0.246395 | 0.243735 
InterfModel=0 10 | 0.932415 | 0.245619 | 0.248192 | 0.241332 | 0.245956 | 0.243503 
InterfModel=0 11 | 0.93253 | 0.244682 | 0.24843 | 0.242953 | 0.246201 | 0.242628 
InterfModel=0 12 | 0.932446 | 0.244947 | 0.248131 | 0.241838 | 0.244969 | 0.243379 
InterfModel=0 13 | 0.932472 | 0.246803 | 0.248446 | 0.242992 | 0.245697 | 0.242759 
InterfModel=0 14 | 0.932423 | 0.245413 | 0.248078 | 0.243391 | 0.245469 | 0.243608 
InterfModel=0 15 | 0.932456 | 0.244283 | 0.248275 | 0.242748 | 0.244312 | 0.243321 
InterfModel=0 16 | 0.932401 | 0.244644 | 0.247953 | 0.242224 | 0.245193 | 0.242676 
InterfModel=0 17 | 0.932431 | 0.245557 | 0.247716 | 0.243738 | 0.244201 | 0.240832 
InterfModel=0 18 | 0.932533 | 0.244886 | 0.24861 | 0.240836 | 0.245682 | 0.241407 
InterfModel=0 19 | 0.932513 | 0.244424 | 0.248555 | 0.241714 | 0.245015 | 0.243755 
InterfModel=0 20 | 0.93242 | 0.24465 | 0.248208 | 0.241976 | 0.246105 | 0.243511 
InterfModel=0 21 | 0.932545 | 0.244721 | 0.248484 | 0.24315 | 0.245934 | 0.241917 
InterfModel=0 22 | 0.932425 | 0.245235 | 0.247979 | 0.240763 | 0.24419 | 0.241908 
InterfModel=0 23 | 0.93254 | 0.245528 | 0.248801 | 0.242328 | 0.246579 | 0.241752 
InterfModel=0 24 | 0.93252 | 0.244426 | 0.248615 | 0.242832 | 0.245123 | 0.241937 
InterfModel=0 25 | 0.93252 | 0.245244 | 0.248366 | 0.242931 | 0.245509 | 0.243859 
InterfModel=0 26 | 0.932435 | 0.244418 | 0.248275 | 0.241096 | 0.244295 | 0.240932 
InterfModel=0 27 | 0.932478 | 0.245265 | 0.248153 | 0.241081 | 0.245684 | 0.240567 
InterfModel=0 28 | 0.932482 | 0.24462 | 0.248081 | 0.241107 | 0.244731 | 0.242332 
InterfModel=0 29 | 0.932485 | 0.24585 | 0.247944 | 0.240899 | 0.244832 | 0.243361 
InterfModel=0 30 | 0.932464 | 0.245041 | 0.248588 | 0.241631 | 0.244562 | 0.241776 
InterfModel=0 31 | 0.932497 | 0.245048 | 0.248785 | 0.242152 | 0.245825 | 0.243195 
InterfModel=0 32 | 0.932511 | 0.246524 | 0.248451 | 0.240996 | 0.247002 | 0.243717 
InterfModel=0 33 | 0.932531 | 0.246445 | 0.248663 | 0.241243 | 0.246041 | 0.243907 
InterfModel=0 34 | 0.932537 | 0.244944 | 0.24879 | 0.244142 | 0.246426 | 0.243205 
InterfModel=0 35 | 0.932496 | 0.245033 | 0.249158 | 0.242023 | 0.24532 | 0.242827 
InterfModel=0 36 | 0.932489 | 0.244256 | 0.248615 | 0.242904 | 0.245184 | 0.244173 
InterfModel=0 37 | 0.93241 | 0.24511 | 0.247934 | 0.243966 | 0.244966 | 0.242317 
InterfModel=0 38 | 0.932442 | 0.243667 | 0.248761 | 0.241277 | 0.245041 | 0.239688 
InterfModel=0 39 | 0.932452 | 0.245622 | 0.247875 | 0.242356 | 0.245004 | 0.241264 
InterfModel=0 40 | 0.932439 | 0.24417 | 0.248534 | 0.242034 | 0.245416 | 0.242174 
InterfModel=0 41 | 0.932449 | 0.243626 | 0.248597 | 0.243381 | 0.246176 | 0.242252 
InterfModel=0 42 | 0.932433 | 0.245082 | 0.248251 | 0.243751 | 0.245783 | 0.242873 
InterfModel=0 43 | 0.93244 | 0.244668 | 0.248335 | 0.239349 | 0.245525 | 0.243223 
InterfModel=0 44 | 0.932492 | 0.245371 | 0.247931 | 0.241165 | 0.244361 | 0.243517 
InterfModel=0 45 | 0.932518 | 0.244868 | 0.247968 | 0.241354 | 0.245622 | 0.243883 
InterfModel=0 46 | 0.932432 | 0.246005 | 0.247776 | 0.242299 | 0.244409 | 0.241917 
InterfModel=0 47 | 0.93248 | 0.246129 | 0.247976 | 0.241797 | 0.245699 | 0.242808 
InterfModel=0 48 | 0.93244 | 0.24542 | 0.247983 | 0.242492 | 0.245219 | 0.244365 
InterfModel=0 49 | 0.932533 | 0.244357 | 0.248411 | 0.240606 | 0.245511 | 0.241831 
InterfModel=0 50 | 0.932409 | 0.244545 | 0.248091 | 0.24092 | 0.244366 | 0.241703 
InterfModel=0 51 | 0.932502 | 0.245581 | 0.248425 | 0.241917 | 0.245714 | 0.24014 
InterfModel=0 52 | 0.932444 | 0.245794 | 0.247911 | 0.241552 | 0.244996 | 0.242973 
InterfModel=0 53 | 0.932522 | 0.24602 | 0.248781 | 0.243267 | 0.246063 | 0.242168 
InterfModel=0 54 | 0.932439 | 0.245608 | 0.248067 | 0.241423 | 0.244387 | 0.241837 
InterfModel=0 55 | 0.932442 | 0.245806 | 0.247922 | 0.239678 | 0.244867 | 0.243171 
InterfModel=0 56 | 0.932516 | 0.245632 | 0.248606 | 0.242289 | 0.245593 | 0.243392 
InterfModel=0 57 | 0.932544 | 0.244855 | 0.248636 | 0.242174 | 0.244954 | 0.241826 
InterfModel=0 58 | 0.932522 | 0.244525 | 0.248067 | 0.242974 | 0.245625 | 0.243531 
InterfModel=0 59 | 0.932483 | 0.245984 | 0.248608 | 0.242248 | 0.245346 | 0.242603 
InterfModel=0 60 | 0.93247 | 0.245925 | 0.248085 | 0.241326 | 0.245321 | 0.242317 
InterfModel=0 61 | 0.932507 | 0.243862 | 0.248425 | 0.24391 | 0.245169 | 0.243458 
InterfModel=0 62 | 0.93246 | 0.245586 | 0.248233 | 0.241952 | 0.244772 | 0.241273 
InterfModel=0 63 | 0.93243 | 0.245478 | 0.247516 | 0.242813 | 0.245364 | 0.242326 
InterfModel=0 64 | 0.932516 | 0.24539 | 0.248792 | 0.241837 | 0.245029 | 0.24287 
InterfModel=0 65 | 0.932528 | 0.244877 | 0.247921 | 0.243221 | 0.245377 | 0.241987 
InterfModel=0 66 | 0.932541 | 0.246372 | 0.248403 | 0.240489 | 0.245896 | 0.244104 
InterfModel=0 67 | 0.932457 | 0.245079 | 0.248266 | 0.241636 | 0.246194 | 0.243685 
InterfModel=0 68 | 0.932494 | 0.244548 | 0.248324 | 0.242211 | 0.244603 | 0.242385 
InterfModel=0 69 | 0.93244 | 0.245558 | 0.248535 | 0.241323 | 0.244222 | 0.240559 
InterfModel=0 70 | 0.93241 | 0.245218 | 0.248022 | 0.243017 | 0.245583 | 0.242525 
InterfModel=0 71 | 0.93248 | 0.245529 | 0.248596 | 0.24082 | 0.244634 | 0.242507 
InterfModel=0 72 | 0.932443 | 0.244954 | 0.247967 | 0.241863 | 0.245189 | 0.242033 
InterfModel=0 73 | 0.932522 | 0.245238 | 0.248558 | 0.242384 | 0.244856 | 0.242942 
InterfModel=0 74 | 0.932469 | 0.243701 | 0.24796 | 0.242445 | 0.24553 | 0.242792 
InterfModel=0 75 | 0.932486 | 0.246858 | 0.24835 | 0.242431 | 0.245033 | 0.243708 
InterfModel=0 76 | 0.932439 | 0.245764 | 0.248409 | 0.242757 | 0.244919 | 0.241987 
InterfModel=0 77 | 0.932406 | 0.244519 | 0.248406 | 0.241369 | 0.245734 | 0.243617 
InterfModel=0 78 | 0.932433 | 0.245226 | 0.248067 | 0.242589 | 0.245838 | 0.243242 
InterfModel=0 79 | 0.932512 | 0.244524 | 0.247951 | 0.243957 | 0.246582 | 0.244784 
InterfModel=0 80 | 0.932535 | 0.2442 | 0.248507 | 0.2425 | 0.245843 | 0.244239 
InterfModel=0 81 | 0.932403 | 0.245381 | 0.248012 | 0.242151 | 0.245293 | 0.243662 
InterfModel=0 82 | 0.932531 | 0.244627 | 0.248602 | 0.243207 | 0.245756 | 0.243191 
InterfModel=0 83 | 0.932426 | 0.244385 | 0.248755 | 0.244363 | 0.245784 | 0.242121 
InterfModel=0 84 | 0.932448 | 0.245169 | 0.248287 | 0.24342 | 0.244012 | 0.243487 
InterfModel=0 85 | 0.932428 | 0.245704 | 0.248003 | 0.242457 | 0.245165 | 0.244159 
InterfModel=0 86 | 0.932541 | 0.245478 | 0.24886 | 0.244098 | 0.244466 | 0.243241 
InterfModel=0 87 | 0.932427 | 0.24581 | 0.24764 | 0.242749 | 0.245272 | 0.242813 
InterfModel=0 88 | 0.932451 | 0.245921 | 0.248432 | 0.244261 | 0.244967 | 0.243688 
InterfModel=0 89 | 0.932528 | 0.246092 | 0.248536 | 0.241879 | 0.244163 | 0.243969 
InterfModel=0 90 | 0.932508 | 0.24659 | 0.248296 | 0.243032 | 0.245714 | 0.242329 
InterfModel=0 91 | 0.932545 | 0.2447 | 0.248573 | 0.241828 | 0.245618 | 0.243911 
InterfModel=0 92 | 0.932447 | 0.243934 | 0.24799 | 0.242748 | 0.245093 | 0.24217 
InterfModel=0 93 | 0.932498 | 0.245238 | 0.248777 | 0.24098 | 0.245442 | 0.243413 
InterfModel=0 94 | 0.932454 | 0.245401 | 0.248611 | 0.242741 | 0.245501 | 0.240668 
InterfModel=0 95 | 0.93246 | 0.245052 | 0.247536 | 0.242803 | 0.245021 | 0.242842 
InterfModel=0 96 | 0.932493 | 0.244966 | 0.2486 | 0.243024 | 0.245716 | 0.243525 
InterfModel=0 97 | 0.932514 | 0.245523 | 0.248295 | 0.242584 | 0.244664 | 0.242332 
InterfModel=0 98 | 0.932492 | 0.245134 | 0.248175 | 0.242182 | 0.244519 | 0.242028 
InterfModel=0 99 | 0.932531 | 0.244333 | 0.248755 | 0.242115 | 0.243072 | 0.242033 
InterfModel=1 0 | 0.932573 | 0.244939 | 0.248374 | 0.242717 | 0.245929 | 0.240053 
InterfModel=1 1 | 0.932571 | 0.245187 | 0.248036 | 0.241824 | 0.246065 | 0.243735 
InterfModel=1 2 | 0.932482 | 0.243979 | 0.248556 | 0.242714 | 0.245125 | 0.241692 
InterfModel=1 3 | 0.932576 | 0.246312 | 0.248744 | 0.243736 | 0.246735 | 0.241694 
InterfModel=1 4 | 0.932532 | 0.244328 | 0.248078 | 0.24314 | 0.244724 | 0.243218 
InterfModel=1 5 | 0.932511 | 0.245348 | 0.248671 | 0.24144 | 0.24604 | 0.243279 
InterfModel=1 6 | 0.932477 | 0.244628 | 0.247884 | 0.242866 | 0.244961 | 0.242951 
InterfModel=1 7 | 0.932533 | 0.244831 | 0.247614 | 0.242545 | 0.24504 | 0.243951 
InterfModel=1 8 | 0.932487 | 0.245193 | 0.247987 | 0.241543 | 0.24674 | 0.243584 
InterfModel=1 9 | 0.932511 | 0.245802 | 0.248301 | 0.242383 | 0.243097 | 0.244526 
InterfModel=1 10 | 0.932546 | 0.244994 | 0.24865 | 0.241873 | 0.24444 | 0.242743 
InterfModel=1 11 | 0.932481 | 0.244952 | 0.248475 | 0.24261 | 0.243934 | 0.242373 
InterfModel=1 12 | 0.932499 | 0.245491 | 0.2485 | 0.24222 | 0.245621 | 0.243767 
InterfModel=1 13 | 0.932571 | 0.244486 | 0.248334 | 0.241594 | 0.245517 | 0.243505 
InterfModel=1 14 | 0.932589 | 0.245122 | 0.24844 | 0.242079 | 0.246714 | 0.244241 
InterfModel=1 15 | 0.932454 | 0.244108 | 0.248169 | 0.242596 | 0.245386 | 0.242193 
InterfModel=1 16 | 0.932466 | 0.244428 | 0.248155 | 0.242932 | 0.245392 | 0.241062 
InterfModel=1 17 | 0.93255 | 0.244809 | 0.248388 | 0.242673 | 0.244562 | 0.244148 
InterfModel=1 18 | 0.932535 | 0.244291 | 0.248506 | 0.241612 | 0.245068 | 0.242513 
InterfModel=1 19 | 0.932532 | 0.245158 | 0.248478 | 0.241464 | 0.244648 | 0.243927 
InterfModel=1 20 | 0.932563 | 0.245972 | 0.248079 | 0.243328 | 0.24554 | 0.242415 
InterfModel=1 21 | 0.932445 | 0.245472 | 0.247787 | 0.242734 | 0.244473 | 0.243553 
InterfModel=1 22 | 0.932569 | 0.243803 | 0.24808 | 0.241788 | 0.245211 | 0.241387 
InterfModel=1 23 | 0.932581 | 0.244821 | 0.248481 | 0.242394 | 0.24589 | 0.243777 
InterfModel=1 24 | 0.932458 | 0.245027 | 0.248216 | 0.24245 | 0.244656 | 0.241741 
InterfModel=1 25 | 0.932586 | 0.243933 | 0.248579 | 0.242587 | 0.245801 | 0.242469 
InterfModel=1 26 | 0.932541 | 0.244796 | 0.248697 | 0.242008 | 0.245958 | 0.24296 
InterfModel=1 27 | 0.932577 | 0.244635 | 0.248559 | 0.242646 | 0.244957 | 0.244043 
InterfModel=1 28 | 0.932557 | 0.244861 | 0.248743 | 0.242771 | 0.24481 | 0.241818 
InterfModel=1 29 | 0.932507 | 0.245492 | 0.248702 | 0.242059 | 0.246085 | 0.241885 
InterfModel=1 30 | 0.932484 | 0.244991 | 0.247734 | 0.241832 | 0.245718 | 0.24309 
InterfModel=1 31 | 0.932553 | 0.245044 | 0.248342 | 0.241449 | 0.245257 | 0.244431 
InterfModel=1 32 | 0.932596 | 0.244787 | 0.248549 | 0.242779 | 0.246227 | 0.241761 
InterfModel=1 33 | 0.932537 | 0.246291 | 0.247994 | 0.243268 | 0.245748 | 0.243308 
InterfModel=1 34 | 0.932541 | 0.245147 | 0.248536 | 0.243513 | 0.245071 | 0.243624 
InterfModel=1 35 | 0.932483 | 0.244637 | 0.247317 | 0.242188 | 0.244648 | 0.241529 
InterfModel=1 36 | 0.932472 | 0.245652 | 0.248038 | 0.240406 | 0.24535 | 0.242988 
InterfModel=1 37 | 0.932573 | 0.244931 | 0.248367 | 0.243141 | 0.245567 | 0.243004 
InterfModel=1 38 | 0.932518 | 0.245524 | 0.248033 | 0.242403 | 0.245321 | 0.241842 
InterfModel=1 39 | 0.932463 | 0.244953 | 0.248032 | 0.241487 | 0.24452 | 0.2428 
InterfModel=1 40 | 0.932508 | 0.244784 | 0.248278 | 0.243914 | 0.245035 | 0.244504 
InterfModel=1 41 | 0.932485 | 0.246399 | 0.24821 | 0.24091 | 0.244508 | 0.243332 
InterfModel=1 42 | 0.932478 | 0.244593 | 0.248496 | 0.2426 | 0.244567 | 0.242884 
InterfModel=1 43 | 0.932541 | 0.245912 | 0.248583 | 0.240688 | 0.244936 | 0.242398 
InterfModel=1 44 | 0.932463 | 0.245505 | 0.248487 | 0.242155 | 0.244998 | 0.241664 
InterfModel=1 45 | 0.932501 | 0.245645 | 0.248221 | 0.241924 | 0.246779 | 0.24326 
InterfModel=1 46 | 0.932541 | 0.245304 | 0.248479 | 0.24306 | 0.246782 | 0.243198 
InterfModel=1 47 | 0.932499 | 0.244505 | 0.24829 | 0.24051 | 0.24624 | 0.243118 
InterfModel=1 48 | 0.932537 | 0.245823 | 0.2482 | 0.242566 | 0.24611 | 0.243718 
InterfModel=1 49 | 0.932531 | 0.245387 | 0.24858 | 0.243396 | 0.246113 | 0.24311 
InterfModel=1 50 | 0.932567 | 0.246072 | 0.248231 | 0.241615 | 0.244795 | 0.243303 
InterfModel=1 51 | 0.932507 | 0.245313 | 0.248268 | 0.242937 | 0.244707 | 0.243151 
InterfModel=1 52 | 0.932596 | 0.243855 | 0.248541 | 0.24206 | 0.244942 | 0.243146 
InterfModel=1 53 | 0.932454 | 0.24423 | 0.248228 | 0.241249 | 0.244134 | 0.243113 
InterfModel=1 54 | 0.932474 | 0.244145 | 0.24815 | 0.243034 | 0.245042 | 0.243041 
InterfModel=1 55 | 0.932488 | 0.245866 | 0.247911 | 0.243455 | 0.245534 | 0.243124 
InterfModel=1 56 | 0.932538 | 0.245305 | 0.248531 | 0.242978 | 0.245226 | 0.24246 
InterfModel=1 57 | 0.932455 | 0.245011 | 0.247931 | 0.242738 | 0.244824 | 0.243237 
InterfModel=1 58 | 0.932526 | 0.245535 | 0.247865 | 0.2421 | 0.243088 | 0.243539 
InterfModel=1 59 | 0.932464 | 0.245883 | 0.24804 | 0.242261 | 0.243067 | 0.242943 
InterfModel=1 60 | 0.932555 | 0.245503 | 0.248353 | 0.242252 | 0.245764 | 0.241882 
InterfModel=1 61 | 0.932522 | 0.245354 | 0.248672 | 0.241782 | 0.245456 | 0.24151 
InterfModel=1 62 | 0.932484 | 0.24569 | 0.248018 | 0.242012 | 0.244422 | 0.242574 
InterfModel=1 63 | 0.932519 | 0.243124 | 0.248696 | 0.243808 | 0.242883 | 0.243152 
InterfModel=1 64 | 0.932535 | 0.244438 | 0.248027 | 0.244165 | 0.244879 | 0.243684 
InterfModel=1 65 | 0.932586 | 0.243801 | 0.248485 | 0.242358 | 0.245046 | 0.243738 
InterfModel=1 66 | 0.932538 | 0.245063 | 0.248124 | 0.24272 | 0.245708 | 0.243093 
InterfModel=1 67 | 0.93258 | 0.245237 | 0.248136 | 0.242337 | 0.245264 | 0.242856 
InterfModel=1 68 | 0.932517 | 0.244782 | 0.248656 | 0.242065 | 0.245498 | 0.242049 
InterfModel=1 69 | 0.932587 | 0.245316 | 0.247889 | 0.242952 | 0.245808 | 0.243642 
InterfModel=1 70 | 0.932591 | 0.245576 | 0.248067 | 0.241734 | 0.245368 | 0.242039 
InterfModel=1 71 | 0.93254 | 0.245692 | 0.248663 | 0.241564 | 0.245728 | 0.244513 
InterfModel=1 72 | 0.932483 | 0.24516 | 0.248482 | 0.24192 | 0.245617 | 0.242044 
InterfModel=1 73 | 0.932527 | 0.244515 | 0.248131 | 0.241551 | 0.245546 | 0.24092 
InterfModel=1 74 | 0.932575 | 0.245653 | 0.248772 | 0.242263 | 0.24583 | 0.243716 
InterfModel=1 75 | 0.932474 | 0.245516 | 0.248227 | 0.242502 | 0.246392 | 0.242356 
InterfModel=1 76 | 0.932441 | 0.245611 | 0.248139 | 0.24115 | 0.24459 | 0.242355 
InterfModel=1 77 | 0.93257 | 0.243896 | 0.248797 | 0.244665 | 0.245269 | 0.242439 
InterfModel=1 78 | 0.93256 | 0.245752 | 0.248282 | 0.242048 | 0.245902 | 0.242956 
InterfModel=1 79 | 0.932561 | 0.243713 | 0.248685 | 0.24343 | 0.245041 | 0.242109 
InterfModel=1 80 | 0.932564 | 0.244492 | 0.248697 | 0.243389 | 0.245787 | 0.244001 
InterfModel=1 81 | 0.932534 | 0.244786 | 0.248089 | 0.242378 | 0.246173 | 0.243042 
InterfModel=1 82 | 0.932567 | 0.245191 | 0.248299 | 0.242408 | 0.244962 | 0.243892 
InterfModel=1 83 | 0.932515 | 0.2452 | 0.248046 | 0.24218 | 0.245465 | 0.24205 
InterfModel=1 84 | 0.932465 | 0.244304 | 0.248298 | 0.241027 | 0.24443 | 0.241139 
InterfModel=1 85 | 0.932486 | 0.244196 | 0.24756 | 0.241369 | 0.244422 | 0.240822 
InterfModel=1 86 | 0.932582 | 0.244671 | 0.248734 | 0.242952 | 0.245247 | 0.243417 
InterfModel=1 87 | 0.932567 | 0.245815 | 0.247952 | 0.242638 | 0.245523 | 0.244738 
InterfModel=1 88 | 0.932483 | 0.245273 | 0.248251 | 0.243117 | 0.244023 | 0.242529 
InterfModel=1 89 | 0.932501 | 0.244944 | 0.247953 | 0.244306 | 0.245108 | 0.246019 
InterfModel=1 90 | 0.93251 | 0.243524 | 0.2485 | 0.241567 | 0.244527 | 0.243532 
InterfModel=1 91 | 0.932525 | 0.244766 | 0.248289 | 0.243652 | 0.245564 | 0.243052 
InterfModel=1 92 | 0.932528 | 0.245718 | 0.248632 | 0.242545 | 0.245569 | 0.241568 
InterfModel=1 93 | 0.93247 | 0.244259 | 0.248099 | 0.241888 | 0.246262 | 0.241995 
InterfModel=1 94 | 0.932583 | 0.243929 | 0.248709 | 0.242945 | 0.245539 | 0.243594 
InterfModel=1 95 | 0.932464 | 0.244727 | 0.247443 | 0.241254 | 0.244978 | 0.242926 
InterfModel=1 96 | 0.932551 | 0.24525 | 0.248422 | 0.242599 | 0.244129 | 0.243835 
InterfModel=1 97 | 0.932464 | 0.244649 | 0.247973 | 0.243669 | 0.244798 | 0.242618 
InterfModel=1 98 | 0.932571 | 0.243326 | 0.24813 | 0.243019 | 0.245374 | 0.242186 
InterfModel=1 99 | 0.93258 | 0.243534 | 0.248675 | 0.241443 | 0.246067 | 0.244947 
InterfModel=2 0 | 0.932543 | 0.244262 | 0.248587 | 0.242624 | 0.246221 | 0.241917 
InterfModel=2 1 | 0.932475 | 0.245394 | 0.248377 | 0.241584 | 0.244114 | 0.242307 
InterfModel=2 2 | 0.932466 | 0.245744 | 0.248249 | 0.240416 | 0.244685 | 0.242486 
InterfModel=2 3 | 0.932449 | 0.244247 | 0.248391 | 0.242576 | 0.245263 | 0.243566 
InterfModel=2 4 | 0.932431 | 0.245567 | 0.247795 | 0.242596 | 0.243773 | 0.244351 
InterfModel=2 5 | 0.932467 | 0.245416 | 0.248264 | 0.24351 | 0.245105 | 0.242397 
InterfModel=2 6 | 0.932546 | 0.24485 | 0.248408 | 0.241762 | 0.245703 | 0.243216 
InterfModel=2 7 | 0.932531 | 0.244906 | 0.248338 | 0.241088 | 0.245839 | 0.242742 
InterfModel=2 8 | 0.932469 | 0.244907 | 0.248294 | 0.241745 | 0.244499 | 0.241804 
InterfModel=2 9 | 0.932505 | 0.245081 | 0.248208 | 0.241854 | 0.244493 | 0.242382 
InterfModel=2 10 | 0.932489 | 0.244517 | 0.247691 | 0.242805 | 0.245134 | 0.241877 
InterfModel=2 11 | 0.932511 | 0.245725 | 0.248789 | 0.243629 | 0.244996 | 0.243039 
InterfModel=2 12 | 0.932487 | 0.245515 | 0.247959 | 0.242853 | 0.245212 | 0.243611 
InterfModel=2 13 | 0.932562 | 0.24559 | 0.248679 | 0.242381 | 0.246119 | 0.243396 
InterfModel=2 14 | 0.932526 | 0.246422 | 0.248572 | 0.24139 | 0.244308 | 0.24246 
InterfModel=2 15 | 0.932471 | 0.24513 | 0.247959 | 0.242578 | 0.244054 | 0.241999 
InterfModel=2 16 | 0.932533 | 0.246254 | 0.248633 | 0.242966 | 0.246078 | 0.242728 
InterfModel=2 17 | 0.932472 | 0.245706 | 0.248774 | 0.241971 | 0.245193 | 0.243602 
InterfModel=2 18 | 0.932531 | 0.243566 | 0.248267 | 0.242222 | 0.245862 | 0.241815 
InterfModel=2 19 | 0.932443 | 0.244753 | 0.248248 | 0.240424 | 0.245306 | 0.242149 
InterfModel=2 20 | 0.932436 | 0.244092 | 0.248225 | 0.241765 | 0.243905 | 0.24384 
InterfModel=2 21 | 0.932482 | 0.245702 | 0.248133 | 0.243578 | 0.245263 | 0.24377 
InterfModel=2 22 | 0.932476 | 0.245095 | 0.248282 | 0.24052 | 0.245082 | 0.243534 
InterfModel=2 23 | 0.932441 | 0.245505 | 0.248057 | 0.241594 | 0.244724 | 0.243511 
InterfModel=2 24 | 0.932556 | 0.24409 | 0.24807 | 0.242864 | 0.246735 | 0.243683 
InterfModel=2 25 | 0.932556 | 0.245546 | 0.248675 | 0.240327 | 0.24656 | 0.244696 
InterfModel=2 26 | 0.932518 | 0.245926 | 0.24831 | 0.242959 | 0.245095 | 0.243273 
InterfModel=2 27 | 0.932527 | 0.246092 | 0.248101 | 0.242296 | 0.245726 | 0.244495 
InterfModel=2 28 | 0.932438 | 0.244517 | 0.248174 | 0.242514 | 0.245181 | 0.242463 
InterfModel=2 29 | 0.932528 | 0.245206 | 0.247877 | 0.243246 | 0.245715 | 0.242238 
InterfModel=2 30 | 0.932542 | 0.245475 | 0.248564 | 0.24313 | 0.244639 | 0.24377 
InterfModel=2 31 | 0.932533 | 0.245825 | 0.248625 | 0.24095 | 0.245549 | 0.243004 
InterfModel=2 32 | 0.932487 | 0.247356 | 0.248355 | 0.241294 | 0.244971 | 0.242218 
InterfModel=2 33 | 0.932481 | 0.243805 | 0.248191 | 0.241869 | 0.245407 | 0.241974 
InterfModel=2 34 | 0.932555 | 0.246827 | 0.24868 | 0.241374 | 0.246264 | 0.244956 
InterfModel=2 35 | 0.93256 | 0.246518 | 0.248807 | 0.241494 | 0.24553 | 0.242534 
InterfModel=2 36 | 0.932546 | 0.246417 | 0.248291 | 0.242305 | 0.244489 | 0.241723 
InterfModel=2 37 | 0.932521 | 0.245828 | 0.24812 | 0.242769 | 0.244165 | 0.244373 
InterfModel=2 38 | 0.932547 | 0.245519 | 0.24801 | 0.242057 | 0.245555 | 0.244425 
InterfModel=2 39 | 0.932442 | 0.245488 | 0.248341 | 0.2434 | 0.245527 | 0.243806 
InterfModel=2 40 | 0.932517 | 0.246044 | 0.248588 | 0.242941 | 0.244289 | 0.243025 
InterfModel=2 41 | 0.932465 | 0.24588 | 0.247936 | 0.24282 | 0.245465 | 0.243264 
InterfModel=2 42 | 0.932462 | 0.245565 | 0.248174 | 0.240294 | 0.244831 | 0.244253 
InterfModel=2 43 | 0.932438 | 0.244859 | 0.248403 | 0.243967 | 0.24485 | 0.242655 
InterfModel=2 44 | 0.932538 | 0.245238 | 0.248798 | 0.24154 | 0.244721 | 0.242534 
InterfModel=2 45 | 0.932476 | 0.244609 | 0.248436 | 0.241514 | 0.245445 | 0.242645 
InterfModel=2 46 | 0.932548 | 0.244292 | 0.248683 | 0.24282 | 0.245946 | 0.242964 
InterfModel=2 47 | 0.932448 | 0.245827 | 0.247762 | 0.242378 | 0.245922 | 0.244574 
InterfModel=2 48 | 0.932533 | 0.245385 | 0.248428 | 0.243068 | 0.244359 | 0.242466 
InterfModel=2 49 | 0.932454 | 0.245269 | 0.247986 | 0.240429 | 0.244146 | 0.243629 
InterfModel=2 50 | 0.932442 | 0.243576 | 0.248192 | 0.240535 | 0.244689 | 0.242312 
InterfModel=2 51 | 0.93251 | 0.245041 | 0.248721 | 0.241018 | 0.245013 | 0.244301 
InterfModel=2 52 | 0.932556 | 0.245795 | 0.248322 | 0.243319 | 0.246722 | 0.243396 
InterfModel=2 53 | 0.932449 | 0.246052 | 0.248331 | 0.241149 | 0.244823 | 0.242507 
InterfModel=2 54 | 0.932502 | 0.245663 | 0.248411 | 0.241751 | 0.244999 | 0.242358 
InterfModel=2 55 | 0.932498 | 0.244887 | 0.248132 | 0.244336 | 0.246567 | 0.241446 
InterfModel=2 56 | 0.93242 | 0.246634 | 0.24771 | 0.240993 | 0.244085 | 0.243148 
InterfModel=2 57 | 0.932572 | 0.246257 | 0.248332 | 0.241251 | 0.245155 | 0.241409 
InterfModel=2 58 | 0.932514 | 0.245193 | 0.248122 | 0.243529 | 0.243819 | 0.241412 
InterfModel=2 59 | 0.932467 | 0.24461 | 0.247999 | 0.242986 | 0.246536 | 0.24126 
InterfModel=2 60 | 0.93252 | 0.244994 | 0.248142 | 0.243548 | 0.245574 | 0.242052 
InterfModel=2 61 | 0.932547 | 0.245205 | 0.248567 | 0.241651 | 0.245696 | 0.243914 
InterfModel=2 62 | 0.932509 | 0.245882 | 0.247928 | 0.241318 | 0.24608 | 0.242796 
InterfModel=2 63 | 0.932448 | 0.245066 | 0.248186 | 0.241976 | 0.24433 | 0.243272 
InterfModel=2 64 | 0.932489 | 0.245706 | 0.248628 | 0.242604 | 0.245725 | 0.240522 
InterfModel=2 65 | 0.932424 | 0.245792 | 0.24789 | 0.244308 | 0.244799 | 0.242276 
InterfModel=2 66 | 0.932484 | 0.244838 | 0.24855 | 0.242657 | 0.245408 | 0.24424 
InterfModel=2 67 | 0.932504 | 0.24573 | 0.248574 | 0.241066 | 0.24607 | 0.243999 
InterfModel=2 68 | 0.932486 | 0.244618 | 0.248118 | 0.2435 | 0.245167 | 0.242581 
InterfModel=2 69 | 0.93253 | 0.24456 | 0.248326 | 0.243518 | 0.245769 | 0.244134 
InterfModel=2 70 | 0.932558 | 0.245233 | 0.248646 | 0.243543 | 0.245022 | 0.244269 
InterfModel=2 71 | 0.932432 | 0.244521 | 0.248026 | 0.24207 | 0.245824 | 0.244303 
InterfModel=2 72 | 0.932522 | 0.245656 | 0.248388 | 0.24216 | 0.246051 | 0.242942 
InterfModel=2 73 | 0.932556 | 0.244749 | 0.248687 | 0.243095 | 0.246097 | 0.242855 
InterfModel=2 74 | 0.932516 | 0.244127 | 0.248622 | 0.241885 | 0.245655 | 0.241701 
InterfModel=2 75 | 0.932533 | 0.244269 | 0.248324 | 0.243491 | 0.245893 | 0.242699 
InterfModel=2 76 | 0.932495 | 0.245696 | 0.248225 | 0.241069 | 0.246349 | 0.242875 
InterfModel=2 77 | 0.932525 | 0.245013 | 0.248565 | 0.242672 | 0.246452 | 0.242535 
InterfModel=2 78 | 0.932531 | 0.245465 | 0.248635 | 0.241429 | 0.245425 | 0.244081 
InterfModel=2 79 | 0.93245 | 0.244953 | 0.24792 | 0.241449 | 0.245305 | 0.242272 
InterfModel=2 80 | 0.932559 | 0.245953 | 0.248408 | 0.24214 | 0.246644 | 0.242281 
InterfModel=2 81 | 0.932557 | 0.244736 | 0.248245 | 0.243085 | 0.246333 | 0.243821 
InterfModel=2 82 | 0.93254 | 0.244674 | 0.248572 | 0.241605 | 0.246394 | 0.243968 
InterfModel=2 83 | 0.932426 | 0.245462 | 0.247932 | 0.243829 | 0.245769 | 0.243782 
InterfModel=2 84 | 0.932467 | 0.245346 | 0.248785 | 0.240906 | 0.245665 | 0.24251 
InterfModel=2 85 | 0.932505 | 0.245518 | 0.247898 | 0.243739 | 0.246155 | 0.243108 
InterfModel=2 86 | 0.932508 | 0.245192 | 0.247889 | 0.241022 | 0.245609 | 0.240813 
InterfModel=2 87 | 0.932559 | 0.245166 | 0.24831 | 0.243069 | 0.245868 | 0.24158 
InterfModel=2 88 | 0.932456 | 0.245534 | 0.248291 | 0.244052 | 0.24569 | 0.243002 
InterfModel=2 89 | 0.93249 | 0.244505 | 0.248329 | 0.245066 | 0.244036 | 0.242853 
InterfModel=2 90 | 0.93246 | 0.245136 | 0.248384 | 0.242906 | 0.244558 | 0.242716 
InterfModel=2 91 | 0.932445 | 0.243824 | 0.248336 | 0.241177 | 0.245431 | 0.244943 
InterfModel=2 92 | 0.932479 | 0.245137 | 0.248147 | 0.241077 | 0.244681 | 0.242698 
InterfModel=2 93 | 0.932559 | 0.244591 | 0.248415 | 0.242811 | 0.246211 | 0.242942 
InterfModel=2 94 | 0.932424 | 0.245634 | 0.248707 | 0.243132 | 0.245118 | 0.244928 
InterfModel=2 95 | 0.932483 | 0.246031 | 0.24825 | 0.241381 | 0.244519 | 0.241144 
InterfModel=2 96 | 0.932435 | 0.245342 | 0.24833 | 0.241533 | 0.246232 | 0.241936 
InterfModel=2 97 | 0.932439 | 0.245845 | 0.247614 | 0.241221 | 0.244005 | 0.242228 
InterfModel=2 98 | 0.932467 | 0.246091 | 0.248087 | 0.241414 | 0.245701 | 0.242881 
InterfModel=2 99 | 0.932522 | 0.244859 | 0.248637 | 0.241957 | 0.244661 | 0.242345 

