CastaliaResults -i saida.txt -s Consumed Energy -n --all -o2                                                             

ResourceManager:Consumed Energy
 | node=0 | node=1 | node=2 | node=3 | node=4 | node=5
InterfModel=0 | 0.932 | 0.245 | 0.248 | 0.242 | 0.245 | 0.242 
InterfModel=1 | 0.933 | 0.245 | 0.248 | 0.242 | 0.245 | 0.242 
InterfModel=2 | 0.933 | 0.245 | 0.248 | 0.242 | 0.245 | 0.242 
ResourceManager:Consumed Energy - all values
 | node=0 | node=1 | node=2 | node=3 | node=4 | node=5
InterfModel=0 0 | 0.932487 | 0.244106 | 0.248454 | 0.241478 | 0.244589 | 0.240115 
InterfModel=0 1 | 0.932483 | 0.24572 | 0.248116 | 0.241832 | 0.245084 | 0.240805 
InterfModel=0 2 | 0.932449 | 0.243327 | 0.24781 | 0.242271 | 0.244274 | 0.242298 
InterfModel=0 3 | 0.932465 | 0.245164 | 0.247639 | 0.242196 | 0.245324 | 0.24376 
InterfModel=0 4 | 0.932542 | 0.245566 | 0.248099 | 0.241966 | 0.245043 | 0.242312 
InterfModel=0 5 | 0.932503 | 0.244346 | 0.248395 | 0.239909 | 0.244097 | 0.242668 
InterfModel=0 6 | 0.932515 | 0.246209 | 0.24828 | 0.241851 | 0.24531 | 0.24246 
InterfModel=0 7 | 0.932481 | 0.244867 | 0.247584 | 0.243811 | 0.245262 | 0.241409 
InterfModel=0 8 | 0.932535 | 0.244714 | 0.248243 | 0.242794 | 0.245683 | 0.24234 
InterfModel=0 9 | 0.932468 | 0.245434 | 0.248175 | 0.240792 | 0.244392 | 0.242395 
InterfModel=0 10 | 0.932428 | 0.24354 | 0.247724 | 0.242435 | 0.243613 | 0.241854 
InterfModel=0 11 | 0.932543 | 0.245627 | 0.248317 | 0.241219 | 0.244546 | 0.242726 
InterfModel=0 12 | 0.932455 | 0.244829 | 0.247489 | 0.241312 | 0.244728 | 0.242227 
InterfModel=0 13 | 0.932478 | 0.244732 | 0.248331 | 0.243746 | 0.245268 | 0.242662 
InterfModel=0 14 | 0.932439 | 0.24475 | 0.247255 | 0.24112 | 0.244017 | 0.242759 
InterfModel=0 15 | 0.932466 | 0.2445 | 0.247285 | 0.239579 | 0.245857 | 0.242325 
InterfModel=0 16 | 0.93241 | 0.244161 | 0.247829 | 0.241361 | 0.244613 | 0.241503 
InterfModel=0 17 | 0.932443 | 0.245071 | 0.247444 | 0.240944 | 0.24467 | 0.241465 
InterfModel=0 18 | 0.932541 | 0.24386 | 0.248336 | 0.241747 | 0.24592 | 0.242075 
InterfModel=0 19 | 0.932521 | 0.243571 | 0.248273 | 0.242433 | 0.244808 | 0.242976 
InterfModel=0 20 | 0.93243 | 0.24505 | 0.247907 | 0.242543 | 0.243963 | 0.24338 
InterfModel=0 21 | 0.932557 | 0.245495 | 0.248567 | 0.241602 | 0.2456 | 0.244015 
InterfModel=0 22 | 0.932437 | 0.245104 | 0.247528 | 0.24292 | 0.243962 | 0.240755 
InterfModel=0 23 | 0.93255 | 0.244515 | 0.248522 | 0.239738 | 0.244267 | 0.242553 
InterfModel=0 24 | 0.932534 | 0.24409 | 0.24833 | 0.240915 | 0.24494 | 0.240058 
InterfModel=0 25 | 0.932527 | 0.245108 | 0.247928 | 0.241204 | 0.245094 | 0.243549 
InterfModel=0 26 | 0.93245 | 0.244799 | 0.247638 | 0.239036 | 0.243714 | 0.243688 
InterfModel=0 27 | 0.932487 | 0.245322 | 0.24788 | 0.241807 | 0.243539 | 0.240683 
InterfModel=0 28 | 0.932491 | 0.245024 | 0.247787 | 0.242368 | 0.244438 | 0.2424 
InterfModel=0 29 | 0.932498 | 0.245871 | 0.247485 | 0.243092 | 0.244668 | 0.242186 
InterfModel=0 30 | 0.932476 | 0.243139 | 0.248125 | 0.240984 | 0.244881 | 0.242593 
InterfModel=0 31 | 0.93251 | 0.245259 | 0.247962 | 0.241325 | 0.244198 | 0.242052 
InterfModel=0 32 | 0.932527 | 0.245154 | 0.248345 | 0.23994 | 0.244296 | 0.242437 
InterfModel=0 33 | 0.932544 | 0.244553 | 0.248375 | 0.243052 | 0.244802 | 0.244715 
InterfModel=0 34 | 0.932541 | 0.244697 | 0.248147 | 0.242231 | 0.244071 | 0.241344 
InterfModel=0 35 | 0.93251 | 0.244174 | 0.248704 | 0.2412 | 0.245088 | 0.243946 
InterfModel=0 36 | 0.932499 | 0.244668 | 0.248336 | 0.242617 | 0.244902 | 0.243943 
InterfModel=0 37 | 0.932419 | 0.244098 | 0.247829 | 0.242632 | 0.24423 | 0.241516 
InterfModel=0 38 | 0.932453 | 0.243312 | 0.248497 | 0.24171 | 0.244643 | 0.241889 
InterfModel=0 39 | 0.932463 | 0.244436 | 0.247938 | 0.243632 | 0.243683 | 0.243879 
InterfModel=0 40 | 0.93245 | 0.245439 | 0.248263 | 0.242084 | 0.244159 | 0.242437 
InterfModel=0 41 | 0.932457 | 0.244039 | 0.24831 | 0.241116 | 0.245234 | 0.243544 
InterfModel=0 42 | 0.932446 | 0.244808 | 0.247632 | 0.241316 | 0.244927 | 0.240315 
InterfModel=0 43 | 0.932454 | 0.242553 | 0.247863 | 0.241177 | 0.243265 | 0.242017 
InterfModel=0 44 | 0.932505 | 0.244163 | 0.248031 | 0.241949 | 0.245916 | 0.242398 
InterfModel=0 45 | 0.932529 | 0.245602 | 0.24787 | 0.242118 | 0.244933 | 0.242723 
InterfModel=0 46 | 0.932441 | 0.242849 | 0.247856 | 0.242675 | 0.244838 | 0.241676 
InterfModel=0 47 | 0.932489 | 0.244747 | 0.247869 | 0.242542 | 0.245296 | 0.241323 
InterfModel=0 48 | 0.932451 | 0.244435 | 0.247876 | 0.241137 | 0.245406 | 0.242304 
InterfModel=0 49 | 0.932548 | 0.246174 | 0.247967 | 0.241831 | 0.24464 | 0.242403 
InterfModel=0 50 | 0.932423 | 0.244401 | 0.247452 | 0.241502 | 0.244833 | 0.241931 
InterfModel=0 51 | 0.932512 | 0.246489 | 0.248141 | 0.243027 | 0.244982 | 0.241446 
InterfModel=0 52 | 0.93246 | 0.244075 | 0.247627 | 0.242451 | 0.243723 | 0.242204 
InterfModel=0 53 | 0.932532 | 0.244635 | 0.248502 | 0.242597 | 0.244435 | 0.241916 
InterfModel=0 54 | 0.93245 | 0.24511 | 0.247972 | 0.242002 | 0.244196 | 0.24081 
InterfModel=0 55 | 0.93245 | 0.243731 | 0.247996 | 0.23972 | 0.244102 | 0.242726 
InterfModel=0 56 | 0.932525 | 0.246392 | 0.248492 | 0.242703 | 0.244595 | 0.243131 
InterfModel=0 57 | 0.932549 | 0.244886 | 0.248169 | 0.242882 | 0.244238 | 0.243111 
InterfModel=0 58 | 0.932531 | 0.244028 | 0.248332 | 0.243378 | 0.24594 | 0.242554 
InterfModel=0 59 | 0.932492 | 0.244452 | 0.248525 | 0.241749 | 0.245663 | 0.241619 
InterfModel=0 60 | 0.932481 | 0.243664 | 0.247624 | 0.242098 | 0.244918 | 0.243269 
InterfModel=0 61 | 0.932514 | 0.244431 | 0.247616 | 0.244489 | 0.244377 | 0.242876 
InterfModel=0 62 | 0.932469 | 0.245279 | 0.24795 | 0.241972 | 0.243562 | 0.243297 
InterfModel=0 63 | 0.93244 | 0.244824 | 0.247759 | 0.240887 | 0.244063 | 0.240291 
InterfModel=0 64 | 0.932526 | 0.245068 | 0.24834 | 0.242423 | 0.244997 | 0.242746 
InterfModel=0 65 | 0.932536 | 0.245806 | 0.248339 | 0.242177 | 0.243593 | 0.243416 
InterfModel=0 66 | 0.932555 | 0.246744 | 0.248292 | 0.241775 | 0.246188 | 0.242796 
InterfModel=0 67 | 0.932469 | 0.244592 | 0.247623 | 0.241305 | 0.245601 | 0.24221 
InterfModel=0 68 | 0.932504 | 0.244224 | 0.247841 | 0.241845 | 0.244241 | 0.24058 
InterfModel=0 69 | 0.932457 | 0.242767 | 0.248261 | 0.240667 | 0.245118 | 0.244135 
InterfModel=0 70 | 0.932422 | 0.246483 | 0.247743 | 0.243056 | 0.243619 | 0.242208 
InterfModel=0 71 | 0.932492 | 0.244531 | 0.248127 | 0.241387 | 0.244789 | 0.240998 
InterfModel=0 72 | 0.932455 | 0.244972 | 0.247692 | 0.241739 | 0.244811 | 0.242445 
InterfModel=0 73 | 0.932535 | 0.245465 | 0.248108 | 0.240495 | 0.244126 | 0.243387 
InterfModel=0 74 | 0.932481 | 0.243922 | 0.247832 | 0.243024 | 0.245292 | 0.243548 
InterfModel=0 75 | 0.932499 | 0.244977 | 0.24788 | 0.241584 | 0.244045 | 0.242363 
InterfModel=0 76 | 0.932453 | 0.244035 | 0.248122 | 0.240997 | 0.244912 | 0.242028 
InterfModel=0 77 | 0.932415 | 0.244378 | 0.247951 | 0.24282 | 0.244054 | 0.241384 
InterfModel=0 78 | 0.932444 | 0.244933 | 0.247265 | 0.242817 | 0.245117 | 0.242467 
InterfModel=0 79 | 0.932518 | 0.24455 | 0.248023 | 0.241348 | 0.244566 | 0.241006 
InterfModel=0 80 | 0.932544 | 0.245129 | 0.24837 | 0.243253 | 0.244033 | 0.241872 
InterfModel=0 81 | 0.932416 | 0.244712 | 0.247378 | 0.242879 | 0.245275 | 0.242333 
InterfModel=0 82 | 0.932542 | 0.246803 | 0.248332 | 0.243215 | 0.245237 | 0.242561 
InterfModel=0 83 | 0.932437 | 0.244233 | 0.248282 | 0.242455 | 0.245064 | 0.241286 
InterfModel=0 84 | 0.932458 | 0.244868 | 0.247996 | 0.241906 | 0.244327 | 0.242339 
InterfModel=0 85 | 0.932442 | 0.246805 | 0.247892 | 0.242677 | 0.244204 | 0.241781 
InterfModel=0 86 | 0.93255 | 0.243376 | 0.248421 | 0.241845 | 0.24532 | 0.241864 
InterfModel=0 87 | 0.932436 | 0.24461 | 0.247525 | 0.241374 | 0.245076 | 0.241794 
InterfModel=0 88 | 0.932465 | 0.246658 | 0.248334 | 0.244133 | 0.244417 | 0.241451 
InterfModel=0 89 | 0.93254 | 0.244547 | 0.248434 | 0.241601 | 0.245691 | 0.242292 
InterfModel=0 90 | 0.932519 | 0.245038 | 0.247655 | 0.242374 | 0.245496 | 0.2436 
InterfModel=0 91 | 0.932555 | 0.244933 | 0.248286 | 0.239233 | 0.245969 | 0.241864 
InterfModel=0 92 | 0.932463 | 0.244852 | 0.2479 | 0.242078 | 0.245811 | 0.242417 
InterfModel=0 93 | 0.932506 | 0.245107 | 0.248137 | 0.240437 | 0.244867 | 0.242749 
InterfModel=0 94 | 0.932468 | 0.244546 | 0.248329 | 0.243658 | 0.243363 | 0.240642 
InterfModel=0 95 | 0.93247 | 0.244213 | 0.247443 | 0.243383 | 0.245615 | 0.241564 
InterfModel=0 96 | 0.932508 | 0.245553 | 0.247783 | 0.241108 | 0.244058 | 0.243456 
InterfModel=0 97 | 0.932527 | 0.24522 | 0.247675 | 0.241401 | 0.244382 | 0.243126 
InterfModel=0 98 | 0.932505 | 0.245709 | 0.248066 | 0.242019 | 0.244276 | 0.24125 
InterfModel=0 99 | 0.93254 | 0.244519 | 0.248464 | 0.241994 | 0.244418 | 0.242684 
InterfModel=1 0 | 0.932603 | 0.244362 | 0.248194 | 0.241108 | 0.244391 | 0.242978 
InterfModel=1 1 | 0.932599 | 0.245522 | 0.247862 | 0.243784 | 0.24556 | 0.241557 
InterfModel=1 2 | 0.932508 | 0.24325 | 0.247854 | 0.241101 | 0.243568 | 0.240588 
InterfModel=1 3 | 0.932596 | 0.245606 | 0.247858 | 0.24213 | 0.246789 | 0.2427 
InterfModel=1 4 | 0.932559 | 0.244854 | 0.247551 | 0.241516 | 0.244778 | 0.243824 
InterfModel=1 5 | 0.932534 | 0.244794 | 0.247958 | 0.240017 | 0.245589 | 0.242644 
InterfModel=1 6 | 0.932501 | 0.244458 | 0.247541 | 0.24074 | 0.244469 | 0.242725 
InterfModel=1 7 | 0.932558 | 0.244078 | 0.248138 | 0.242172 | 0.245025 | 0.240405 
InterfModel=1 8 | 0.932515 | 0.244107 | 0.247816 | 0.242247 | 0.245913 | 0.242835 
InterfModel=1 9 | 0.932534 | 0.244764 | 0.248136 | 0.24041 | 0.245267 | 0.241994 
InterfModel=1 10 | 0.932571 | 0.244626 | 0.247941 | 0.241196 | 0.244987 | 0.243232 
InterfModel=1 11 | 0.932513 | 0.24528 | 0.248112 | 0.240444 | 0.24429 | 0.24202 
InterfModel=1 12 | 0.932521 | 0.245472 | 0.248154 | 0.242202 | 0.243495 | 0.241854 
InterfModel=1 13 | 0.932598 | 0.246038 | 0.248146 | 0.241381 | 0.24412 | 0.241926 
InterfModel=1 14 | 0.932619 | 0.244925 | 0.248266 | 0.240843 | 0.243935 | 0.244369 
InterfModel=1 15 | 0.932482 | 0.245137 | 0.247432 | 0.240607 | 0.244223 | 0.242473 
InterfModel=1 16 | 0.932494 | 0.24284 | 0.247602 | 0.240621 | 0.244539 | 0.242414 
InterfModel=1 17 | 0.932575 | 0.245534 | 0.248402 | 0.241446 | 0.244578 | 0.242491 
InterfModel=1 18 | 0.932563 | 0.244109 | 0.248292 | 0.241221 | 0.245222 | 0.241694 
InterfModel=1 19 | 0.932555 | 0.245332 | 0.248124 | 0.241075 | 0.24552 | 0.241943 
InterfModel=1 20 | 0.932594 | 0.245231 | 0.248262 | 0.241485 | 0.245825 | 0.242175 
InterfModel=1 21 | 0.932474 | 0.24616 | 0.247434 | 0.240416 | 0.243789 | 0.242647 
InterfModel=1 22 | 0.932593 | 0.244126 | 0.248416 | 0.241066 | 0.245735 | 0.243145 
InterfModel=1 23 | 0.932611 | 0.244796 | 0.248141 | 0.242151 | 0.245945 | 0.241599 
InterfModel=1 24 | 0.932486 | 0.244492 | 0.247516 | 0.240828 | 0.244843 | 0.242133 
InterfModel=1 25 | 0.932615 | 0.244974 | 0.248049 | 0.241342 | 0.246149 | 0.241217 
InterfModel=1 26 | 0.932564 | 0.244094 | 0.247291 | 0.242175 | 0.243497 | 0.243416 
InterfModel=1 27 | 0.932599 | 0.245145 | 0.247842 | 0.24172 | 0.244874 | 0.242971 
InterfModel=1 28 | 0.932584 | 0.243049 | 0.248177 | 0.244526 | 0.244795 | 0.242482 
InterfModel=1 29 | 0.932534 | 0.244951 | 0.248351 | 0.24041 | 0.246093 | 0.2434 
InterfModel=1 30 | 0.932514 | 0.244238 | 0.247913 | 0.241992 | 0.244841 | 0.241982 
InterfModel=1 31 | 0.932581 | 0.244308 | 0.248158 | 0.243739 | 0.245595 | 0.24055 
InterfModel=1 32 | 0.93262 | 0.24511 | 0.248385 | 0.242383 | 0.245944 | 0.242227 
InterfModel=1 33 | 0.932563 | 0.245225 | 0.247658 | 0.242307 | 0.245244 | 0.242006 
InterfModel=1 34 | 0.932571 | 0.245826 | 0.24783 | 0.241168 | 0.244349 | 0.241861 
InterfModel=1 35 | 0.932506 | 0.243398 | 0.247322 | 0.240774 | 0.245587 | 0.24115 
InterfModel=1 36 | 0.932504 | 0.243657 | 0.247494 | 0.241076 | 0.244701 | 0.24221 
InterfModel=1 37 | 0.932599 | 0.244001 | 0.247836 | 0.241694 | 0.245051 | 0.241891 
InterfModel=1 38 | 0.932548 | 0.244269 | 0.247488 | 0.240952 | 0.245198 | 0.243185 
InterfModel=1 39 | 0.932486 | 0.242322 | 0.247822 | 0.241783 | 0.245534 | 0.241763 
InterfModel=1 40 | 0.932533 | 0.243183 | 0.248122 | 0.240897 | 0.243333 | 0.241259 
InterfModel=1 41 | 0.932512 | 0.245146 | 0.247681 | 0.242659 | 0.244378 | 0.243067 
InterfModel=1 42 | 0.932505 | 0.244756 | 0.248141 | 0.237099 | 0.245809 | 0.243179 
InterfModel=1 43 | 0.932571 | 0.244486 | 0.248056 | 0.242078 | 0.245006 | 0.242636 
InterfModel=1 44 | 0.932489 | 0.24372 | 0.247956 | 0.241979 | 0.244701 | 0.241227 
InterfModel=1 45 | 0.93253 | 0.242445 | 0.247357 | 0.24235 | 0.245898 | 0.243025 
InterfModel=1 46 | 0.932573 | 0.24475 | 0.248329 | 0.240901 | 0.245253 | 0.243194 
InterfModel=1 47 | 0.932528 | 0.24413 | 0.248281 | 0.241719 | 0.24628 | 0.241651 
InterfModel=1 48 | 0.932559 | 0.244365 | 0.247664 | 0.239724 | 0.245221 | 0.242776 
InterfModel=1 49 | 0.93256 | 0.243077 | 0.24839 | 0.243387 | 0.245817 | 0.242326 
InterfModel=1 50 | 0.932593 | 0.244289 | 0.247903 | 0.242274 | 0.24506 | 0.241641 
InterfModel=1 51 | 0.932534 | 0.244412 | 0.247745 | 0.242579 | 0.244703 | 0.24328 
InterfModel=1 52 | 0.932622 | 0.24526 | 0.247993 | 0.241348 | 0.245306 | 0.241528 
InterfModel=1 53 | 0.932482 | 0.243843 | 0.247509 | 0.242271 | 0.243833 | 0.240659 
InterfModel=1 54 | 0.932503 | 0.243405 | 0.247797 | 0.241916 | 0.244184 | 0.243335 
InterfModel=1 55 | 0.93251 | 0.243911 | 0.247597 | 0.242037 | 0.245372 | 0.241361 
InterfModel=1 56 | 0.93257 | 0.245293 | 0.248363 | 0.242433 | 0.244717 | 0.24309 
InterfModel=1 57 | 0.93248 | 0.245176 | 0.247375 | 0.240968 | 0.244636 | 0.241628 
InterfModel=1 58 | 0.93256 | 0.245317 | 0.247542 | 0.241353 | 0.243275 | 0.243515 
InterfModel=1 59 | 0.932493 | 0.245635 | 0.247143 | 0.239765 | 0.245187 | 0.242139 
InterfModel=1 60 | 0.932584 | 0.245694 | 0.248197 | 0.241714 | 0.245802 | 0.240395 
InterfModel=1 61 | 0.932547 | 0.244622 | 0.248156 | 0.241564 | 0.245429 | 0.241486 
InterfModel=1 62 | 0.932508 | 0.244446 | 0.247133 | 0.241802 | 0.244464 | 0.241308 
InterfModel=1 63 | 0.932549 | 0.244879 | 0.248177 | 0.241836 | 0.243291 | 0.241488 
InterfModel=1 64 | 0.932568 | 0.244592 | 0.2475 | 0.243594 | 0.244526 | 0.242556 
InterfModel=1 65 | 0.932621 | 0.245026 | 0.248116 | 0.240171 | 0.245062 | 0.243706 
InterfModel=1 66 | 0.932565 | 0.244848 | 0.247934 | 0.240376 | 0.245739 | 0.243062 
InterfModel=1 67 | 0.93261 | 0.244851 | 0.24774 | 0.242879 | 0.244924 | 0.243028 
InterfModel=1 68 | 0.932545 | 0.243865 | 0.247778 | 0.240616 | 0.243788 | 0.242149 
InterfModel=1 69 | 0.932618 | 0.243698 | 0.247727 | 0.240967 | 0.244619 | 0.242694 
InterfModel=1 70 | 0.932624 | 0.243974 | 0.247725 | 0.242747 | 0.245408 | 0.243224 
InterfModel=1 71 | 0.932571 | 0.245131 | 0.248328 | 0.243973 | 0.244524 | 0.242023 
InterfModel=1 72 | 0.932511 | 0.244425 | 0.248126 | 0.241578 | 0.244321 | 0.239523 
InterfModel=1 73 | 0.932555 | 0.244465 | 0.247981 | 0.241209 | 0.244345 | 0.242284 
InterfModel=1 74 | 0.932597 | 0.245436 | 0.248242 | 0.242574 | 0.243195 | 0.244378 
InterfModel=1 75 | 0.932503 | 0.244797 | 0.247883 | 0.241563 | 0.245065 | 0.240173 
InterfModel=1 76 | 0.932469 | 0.241545 | 0.247439 | 0.241311 | 0.244794 | 0.242505 
InterfModel=1 77 | 0.932591 | 0.244046 | 0.248439 | 0.244258 | 0.246537 | 0.243269 
InterfModel=1 78 | 0.932586 | 0.245197 | 0.248115 | 0.241315 | 0.244156 | 0.242087 
InterfModel=1 79 | 0.932582 | 0.244901 | 0.247813 | 0.240081 | 0.244731 | 0.242543 
InterfModel=1 80 | 0.932593 | 0.244661 | 0.248007 | 0.241544 | 0.245627 | 0.24272 
InterfModel=1 81 | 0.932564 | 0.24531 | 0.247733 | 0.242158 | 0.24514 | 0.241764 
InterfModel=1 82 | 0.932597 | 0.24428 | 0.248137 | 0.243419 | 0.245656 | 0.243325 
InterfModel=1 83 | 0.932543 | 0.244978 | 0.247876 | 0.243537 | 0.244573 | 0.242021 
InterfModel=1 84 | 0.932496 | 0.242133 | 0.247407 | 0.242581 | 0.243118 | 0.242832 
InterfModel=1 85 | 0.932517 | 0.245214 | 0.247715 | 0.241676 | 0.243553 | 0.242685 
InterfModel=1 86 | 0.932604 | 0.245873 | 0.248015 | 0.242741 | 0.245597 | 0.242328 
InterfModel=1 87 | 0.932596 | 0.24581 | 0.248117 | 0.241742 | 0.244494 | 0.24417 
InterfModel=1 88 | 0.93251 | 0.243816 | 0.247185 | 0.242856 | 0.245647 | 0.24319 
InterfModel=1 89 | 0.932532 | 0.244797 | 0.247778 | 0.242014 | 0.243926 | 0.24208 
InterfModel=1 90 | 0.932539 | 0.246357 | 0.248126 | 0.241157 | 0.244036 | 0.242803 
InterfModel=1 91 | 0.932552 | 0.242996 | 0.248105 | 0.242358 | 0.245389 | 0.242803 
InterfModel=1 92 | 0.932555 | 0.244064 | 0.247912 | 0.242678 | 0.244248 | 0.241516 
InterfModel=1 93 | 0.932496 | 0.243328 | 0.247555 | 0.240295 | 0.244334 | 0.242038 
InterfModel=1 94 | 0.932609 | 0.246064 | 0.248401 | 0.239558 | 0.245029 | 0.241792 
InterfModel=1 95 | 0.932494 | 0.242954 | 0.247423 | 0.241022 | 0.244629 | 0.241655 
InterfModel=1 96 | 0.932574 | 0.245418 | 0.248241 | 0.240229 | 0.244658 | 0.243051 
InterfModel=1 97 | 0.93249 | 0.243412 | 0.248157 | 0.242459 | 0.244835 | 0.242723 
InterfModel=1 98 | 0.932596 | 0.24387 | 0.24798 | 0.241774 | 0.243926 | 0.243264 
InterfModel=1 99 | 0.932607 | 0.244598 | 0.248315 | 0.241579 | 0.244168 | 0.242335 
InterfModel=2 0 | 0.932561 | 0.244972 | 0.248324 | 0.240847 | 0.245143 | 0.242916 
InterfModel=2 1 | 0.932493 | 0.243808 | 0.248283 | 0.242788 | 0.245411 | 0.24269 
InterfModel=2 2 | 0.932479 | 0.244337 | 0.247601 | 0.242012 | 0.243249 | 0.24227 
InterfModel=2 3 | 0.932467 | 0.244787 | 0.248473 | 0.241526 | 0.244882 | 0.241926 
InterfModel=2 4 | 0.932447 | 0.244871 | 0.247707 | 0.240468 | 0.244484 | 0.241466 
InterfModel=2 5 | 0.932479 | 0.245633 | 0.247813 | 0.242632 | 0.245155 | 0.241229 
InterfModel=2 6 | 0.932557 | 0.245232 | 0.248501 | 0.24109 | 0.245328 | 0.242831 
InterfModel=2 7 | 0.932548 | 0.244906 | 0.247531 | 0.242524 | 0.245154 | 0.243174 
InterfModel=2 8 | 0.932484 | 0.245291 | 0.247832 | 0.241571 | 0.24447 | 0.241571 
InterfModel=2 9 | 0.932522 | 0.244553 | 0.248441 | 0.243078 | 0.245027 | 0.242845 
InterfModel=2 10 | 0.932503 | 0.243834 | 0.247785 | 0.241735 | 0.245339 | 0.242485 
InterfModel=2 11 | 0.932527 | 0.24469 | 0.248174 | 0.242338 | 0.245884 | 0.242739 
InterfModel=2 12 | 0.932501 | 0.244987 | 0.247857 | 0.242339 | 0.244172 | 0.239762 
InterfModel=2 13 | 0.932571 | 0.245271 | 0.24841 | 0.241488 | 0.24504 | 0.24278 
InterfModel=2 14 | 0.932543 | 0.243577 | 0.248108 | 0.242777 | 0.244178 | 0.242534 
InterfModel=2 15 | 0.932489 | 0.24304 | 0.247707 | 0.243829 | 0.245669 | 0.243102 
InterfModel=2 16 | 0.932548 | 0.243424 | 0.248359 | 0.242576 | 0.245006 | 0.241943 
InterfModel=2 17 | 0.932486 | 0.245016 | 0.248329 | 0.240403 | 0.243731 | 0.240596 
InterfModel=2 18 | 0.932548 | 0.244801 | 0.248509 | 0.243642 | 0.244647 | 0.243242 
InterfModel=2 19 | 0.932468 | 0.245177 | 0.247459 | 0.240437 | 0.245136 | 0.240853 
InterfModel=2 20 | 0.932452 | 0.245348 | 0.247784 | 0.241941 | 0.244602 | 0.241463 
InterfModel=2 21 | 0.932495 | 0.245347 | 0.247679 | 0.240212 | 0.24369 | 0.24015 
InterfModel=2 22 | 0.93249 | 0.244946 | 0.247676 | 0.24072 | 0.245778 | 0.243607 
InterfModel=2 23 | 0.932455 | 0.244292 | 0.24779 | 0.242838 | 0.244469 | 0.243474 
InterfModel=2 24 | 0.932575 | 0.244108 | 0.248343 | 0.242952 | 0.244832 | 0.244366 
InterfModel=2 25 | 0.932569 | 0.243954 | 0.248587 | 0.241427 | 0.244395 | 0.240741 
InterfModel=2 26 | 0.93253 | 0.245248 | 0.248395 | 0.242257 | 0.244961 | 0.243151 
InterfModel=2 27 | 0.932542 | 0.246272 | 0.248558 | 0.241949 | 0.244353 | 0.241888 
InterfModel=2 28 | 0.932451 | 0.243267 | 0.247533 | 0.241245 | 0.244959 | 0.241716 
InterfModel=2 29 | 0.932542 | 0.244524 | 0.248489 | 0.241205 | 0.244641 | 0.242147 
InterfModel=2 30 | 0.932555 | 0.244797 | 0.248286 | 0.242033 | 0.245009 | 0.242633 
InterfModel=2 31 | 0.932553 | 0.244246 | 0.248349 | 0.240422 | 0.243018 | 0.24204 
InterfModel=2 32 | 0.932503 | 0.245064 | 0.248074 | 0.241942 | 0.245167 | 0.244025 
InterfModel=2 33 | 0.932497 | 0.241469 | 0.248444 | 0.243101 | 0.243449 | 0.242102 
InterfModel=2 34 | 0.932571 | 0.245967 | 0.247685 | 0.240821 | 0.244698 | 0.242223 
InterfModel=2 35 | 0.932578 | 0.245485 | 0.248529 | 0.241701 | 0.245516 | 0.243512 
InterfModel=2 36 | 0.932563 | 0.244306 | 0.247676 | 0.240541 | 0.245688 | 0.240628 
InterfModel=2 37 | 0.932536 | 0.243298 | 0.248027 | 0.241525 | 0.244654 | 0.242901 
InterfModel=2 38 | 0.932554 | 0.24571 | 0.247902 | 0.242429 | 0.245168 | 0.243507 
InterfModel=2 39 | 0.932457 | 0.245492 | 0.248061 | 0.240906 | 0.244095 | 0.24218 
InterfModel=2 40 | 0.932533 | 0.242512 | 0.248295 | 0.241344 | 0.244492 | 0.242237 
InterfModel=2 41 | 0.932481 | 0.244995 | 0.247845 | 0.240339 | 0.244095 | 0.24258 
InterfModel=2 42 | 0.93248 | 0.245566 | 0.248076 | 0.242227 | 0.245214 | 0.242401 
InterfModel=2 43 | 0.932448 | 0.243968 | 0.248287 | 0.242229 | 0.245168 | 0.240673 
InterfModel=2 44 | 0.932549 | 0.245223 | 0.248171 | 0.24048 | 0.244001 | 0.242808 
InterfModel=2 45 | 0.932491 | 0.244948 | 0.248001 | 0.24263 | 0.244453 | 0.242351 
InterfModel=2 46 | 0.932559 | 0.24519 | 0.248588 | 0.243718 | 0.244861 | 0.241696 
InterfModel=2 47 | 0.932465 | 0.244402 | 0.247667 | 0.243254 | 0.245599 | 0.243298 
InterfModel=2 48 | 0.932541 | 0.246998 | 0.248331 | 0.244164 | 0.24485 | 0.243648 
InterfModel=2 49 | 0.932471 | 0.244176 | 0.247872 | 0.239902 | 0.24449 | 0.242999 
InterfModel=2 50 | 0.932454 | 0.244274 | 0.247573 | 0.242996 | 0.244516 | 0.243648 
InterfModel=2 51 | 0.932524 | 0.245414 | 0.248279 | 0.24175 | 0.245722 | 0.242876 
InterfModel=2 52 | 0.93257 | 0.245082 | 0.247695 | 0.242762 | 0.243729 | 0.241585 
InterfModel=2 53 | 0.932468 | 0.244821 | 0.2477 | 0.242407 | 0.245638 | 0.240372 
InterfModel=2 54 | 0.932523 | 0.244974 | 0.248155 | 0.241364 | 0.246039 | 0.243526 
InterfModel=2 55 | 0.932512 | 0.243677 | 0.24784 | 0.241363 | 0.244987 | 0.242414 
InterfModel=2 56 | 0.932438 | 0.244492 | 0.24781 | 0.240287 | 0.245078 | 0.242216 
InterfModel=2 57 | 0.932583 | 0.243788 | 0.248605 | 0.241815 | 0.24408 | 0.241674 
InterfModel=2 58 | 0.932531 | 0.24541 | 0.247866 | 0.241763 | 0.244528 | 0.241987 
InterfModel=2 59 | 0.932484 | 0.244778 | 0.247881 | 0.24224 | 0.245459 | 0.242273 
InterfModel=2 60 | 0.932535 | 0.243567 | 0.2479 | 0.24128 | 0.243852 | 0.241809 
InterfModel=2 61 | 0.932567 | 0.245057 | 0.248122 | 0.24008 | 0.24476 | 0.241904 
InterfModel=2 62 | 0.932524 | 0.245515 | 0.247787 | 0.241677 | 0.245526 | 0.243449 
InterfModel=2 63 | 0.932459 | 0.244575 | 0.247732 | 0.241978 | 0.243989 | 0.243172 
InterfModel=2 64 | 0.932507 | 0.244319 | 0.247838 | 0.23919 | 0.245482 | 0.242795 
InterfModel=2 65 | 0.932442 | 0.244927 | 0.247964 | 0.242183 | 0.245367 | 0.243738 
InterfModel=2 66 | 0.9325 | 0.244134 | 0.248128 | 0.241393 | 0.243954 | 0.24364 
InterfModel=2 67 | 0.932524 | 0.242613 | 0.248301 | 0.240684 | 0.245151 | 0.242779 
InterfModel=2 68 | 0.932502 | 0.243742 | 0.24784 | 0.239924 | 0.24429 | 0.241479 
InterfModel=2 69 | 0.932547 | 0.242999 | 0.247859 | 0.24206 | 0.244538 | 0.242959 
InterfModel=2 70 | 0.932573 | 0.24453 | 0.248557 | 0.238951 | 0.24565 | 0.240711 
InterfModel=2 71 | 0.932443 | 0.243284 | 0.247588 | 0.242099 | 0.243684 | 0.239607 
InterfModel=2 72 | 0.932539 | 0.245291 | 0.247593 | 0.241115 | 0.244994 | 0.242342 
InterfModel=2 73 | 0.932567 | 0.243725 | 0.247871 | 0.241487 | 0.245739 | 0.241559 
InterfModel=2 74 | 0.93253 | 0.244125 | 0.248366 | 0.242054 | 0.24583 | 0.242351 
InterfModel=2 75 | 0.932546 | 0.24425 | 0.24789 | 0.240308 | 0.24573 | 0.242935 
InterfModel=2 76 | 0.932514 | 0.245018 | 0.247954 | 0.242279 | 0.24547 | 0.242718 
InterfModel=2 77 | 0.932558 | 0.244498 | 0.247967 | 0.244252 | 0.244679 | 0.242154 
InterfModel=2 78 | 0.932543 | 0.245302 | 0.248543 | 0.240886 | 0.245544 | 0.243849 
InterfModel=2 79 | 0.932466 | 0.244399 | 0.247844 | 0.242657 | 0.244406 | 0.241352 
InterfModel=2 80 | 0.932571 | 0.245612 | 0.248492 | 0.240051 | 0.244562 | 0.243066 
InterfModel=2 81 | 0.932568 | 0.245265 | 0.248328 | 0.240223 | 0.244729 | 0.243191 
InterfModel=2 82 | 0.932556 | 0.244473 | 0.248298 | 0.242267 | 0.244597 | 0.242505 
InterfModel=2 83 | 0.932439 | 0.243662 | 0.247832 | 0.241173 | 0.243406 | 0.242829 
InterfModel=2 84 | 0.932482 | 0.244817 | 0.248172 | 0.241637 | 0.245267 | 0.242286 
InterfModel=2 85 | 0.932516 | 0.24483 | 0.247285 | 0.241837 | 0.246462 | 0.242828 
InterfModel=2 86 | 0.932524 | 0.24539 | 0.247811 | 0.240842 | 0.245423 | 0.24253 
InterfModel=2 87 | 0.932579 | 0.245319 | 0.24838 | 0.24144 | 0.244843 | 0.243961 
InterfModel=2 88 | 0.932472 | 0.243591 | 0.247482 | 0.239481 | 0.245345 | 0.242157 
InterfModel=2 89 | 0.932508 | 0.244155 | 0.248056 | 0.241702 | 0.244913 | 0.242027 
InterfModel=2 90 | 0.932474 | 0.244972 | 0.24794 | 0.243464 | 0.244481 | 0.241428 
InterfModel=2 91 | 0.93246 | 0.24401 | 0.247891 | 0.242403 | 0.245012 | 0.242618 
InterfModel=2 92 | 0.9325 | 0.243934 | 0.247868 | 0.240536 | 0.244719 | 0.241685 
InterfModel=2 93 | 0.932577 | 0.243877 | 0.248497 | 0.242239 | 0.245692 | 0.242184 
InterfModel=2 94 | 0.932435 | 0.244383 | 0.248092 | 0.242597 | 0.244347 | 0.241554 
InterfModel=2 95 | 0.932498 | 0.245364 | 0.248522 | 0.240839 | 0.244514 | 0.24073 
InterfModel=2 96 | 0.93245 | 0.24589 | 0.247879 | 0.241153 | 0.244813 | 0.243243 
InterfModel=2 97 | 0.932454 | 0.24286 | 0.247689 | 0.241787 | 0.244152 | 0.241834 
InterfModel=2 98 | 0.932484 | 0.244527 | 0.247642 | 0.240679 | 0.245838 | 0.239606 
InterfModel=2 99 | 0.932535 | 0.245399 | 0.248547 | 0.24281 | 0.244101 | 0.242703 

