CastaliaResults -i saida.txt -s Packets loss rate -n --all -o2                                                               

Application:Packets loss rate - total
 | index=1 | index=2 | index=3 | index=4 | index=5
InterfModel=0 | 0.039 | 0.016 | 0.046 | 0.232 | 0.271 
InterfModel=1 | 0.085 | 0.064 | 0.137 | 0.428 | 0.502 
InterfModel=2 | 0.061 | 0.014 | 0.075 | 0.309 | 0.388 
Application:Packets loss rate - all values
 | index=1 | index=2 | index=3 | index=4 | index=5
InterfModel=0 0 | 0.0343448 | 0.0156719 | 0.0451211 | 0.22603 | 0.270036 
InterfModel=0 1 | 0.0403468 | 0.0163388 | 0.0462325 | 0.219763 | 0.278837 
InterfModel=0 2 | 0.0353451 | 0.0160053 | 0.0411202 | 0.24 | 0.280437 
InterfModel=0 3 | 0.0363454 | 0.0163388 | 0.0517893 | 0.229631 | 0.278971 
InterfModel=0 4 | 0.0350116 | 0.0186729 | 0.0488998 | 0.220325 | 0.279274 
InterfModel=0 5 | 0.0470157 | 0.0160053 | 0.0484552 | 0.242166 | 0.268605 
InterfModel=0 6 | 0.0436812 | 0.018006 | 0.0468993 | 0.249367 | 0.2572 
InterfModel=0 7 | 0.0423474 | 0.0126709 | 0.0460102 | 0.235765 | 0.268969 
InterfModel=0 8 | 0.0373458 | 0.0190063 | 0.0473439 | 0.220029 | 0.278304 
InterfModel=0 9 | 0.039013 | 0.015005 | 0.0377862 | 0.220563 | 0.290305 
InterfModel=0 10 | 0.0410137 | 0.0203333 | 0.0482329 | 0.219525 | 0.273236 
InterfModel=0 11 | 0.0393465 | 0.0146716 | 0.0513448 | 0.2471 | 0.265235 
InterfModel=0 12 | 0.0406802 | 0.0170057 | 0.0442321 | 0.232564 | 0.265769 
InterfModel=0 13 | 0.0406802 | 0.0156719 | 0.0428984 | 0.231498 | 0.263003 
InterfModel=0 14 | 0.0353451 | 0.0200067 | 0.0413425 | 0.249233 | 0.255367 
InterfModel=0 15 | 0.0413333 | 0.0193398 | 0.0451211 | 0.227364 | 0.250567 
InterfModel=0 16 | 0.0366789 | 0.0140046 | 0.0448989 | 0.224593 | 0.282438 
InterfModel=0 17 | 0.039013 | 0.0160053 | 0.040898 | 0.237263 | 0.27497 
InterfModel=0 18 | 0.0410137 | 0.0163388 | 0.0495776 | 0.241099 | 0.248433 
InterfModel=0 19 | 0.036 | 0.0156719 | 0.0426762 | 0.233498 | 0.238565 
InterfModel=0 20 | 0.0436812 | 0.0140046 | 0.0433429 | 0.234196 | 0.277104 
InterfModel=0 21 | 0.0416806 | 0.0140046 | 0.0444444 | 0.218992 | 0.267405 
InterfModel=0 22 | 0.0456819 | 0.018 | 0.051567 | 0.243867 | 0.260069 
InterfModel=0 23 | 0.0440147 | 0.012004 | 0.0395644 | 0.223096 | 0.272073 
InterfModel=0 24 | 0.0386795 | 0.0130044 | 0.0420094 | 0.224697 | 0.27457 
InterfModel=0 25 | 0.0403468 | 0.0170057 | 0.0448989 | 0.233631 | 0.271236 
InterfModel=0 26 | 0.0353451 | 0.018006 | 0.0531229 | 0.235765 | 0.274303 
InterfModel=0 27 | 0.0410137 | 0.017 | 0.0464548 | 0.235498 | 0.274837 
InterfModel=0 28 | 0.0353333 | 0.0153384 | 0.0471216 | 0.247933 | 0.270436 
InterfModel=0 29 | 0.0353451 | 0.0126709 | 0.0480106 | 0.221096 | 0.282971 
InterfModel=0 30 | 0.0380127 | 0.0176725 | 0.0451211 | 0.213067 | 0.278704 
InterfModel=0 31 | 0.0373458 | 0.0160053 | 0.0437875 | 0.232564 | 0.270703 
InterfModel=0 32 | 0.042014 | 0.0146716 | 0.0417871 | 0.221659 | 0.297373 
InterfModel=0 33 | 0.0376793 | 0.0166723 | 0.0391198 | 0.244699 | 0.259635 
InterfModel=0 34 | 0.036012 | 0.0140046 | 0.0582352 | 0.240165 | 0.271903 
InterfModel=0 35 | 0.0386795 | 0.0143381 | 0.0502334 | 0.219629 | 0.274037 
InterfModel=0 36 | 0.043 | 0.0200067 | 0.0451211 | 0.237898 | 0.262603 
InterfModel=0 37 | 0.0356786 | 0.0156719 | 0.0477884 | 0.242699 | 0.245099 
InterfModel=0 38 | 0.0400133 | 0.0133378 | 0.0488998 | 0.234 | 0.269236 
InterfModel=0 39 | 0.0483494 | 0.0126709 | 0.0513448 | 0.214962 | 0.292972 
InterfModel=0 40 | 0.0363454 | 0.0163388 | 0.0428984 | 0.213733 | 0.279274 
InterfModel=0 41 | 0.0366789 | 0.0160053 | 0.0440098 | 0.233098 | 0.274473 
InterfModel=0 42 | 0.0426809 | 0.0173391 | 0.0446766 | 0.245633 | 0.255234 
InterfModel=0 43 | 0.0306769 | 0.0136667 | 0.0426762 | 0.215467 | 0.29724 
InterfModel=0 44 | 0.0400133 | 0.0190063 | 0.0433334 | 0.231262 | 0.280037 
InterfModel=0 45 | 0.0340114 | 0.018006 | 0.0468993 | 0.245766 | 0.254301 
InterfModel=0 46 | 0.0410137 | 0.0193398 | 0.0437875 | 0.244833 | 0.266969 
InterfModel=0 47 | 0.0430143 | 0.0116705 | 0.0426762 | 0.246833 | 0.270969 
InterfModel=0 48 | 0.0410137 | 0.0186667 | 0.0448989 | 0.23673 | 0.266871 
InterfModel=0 49 | 0.0356786 | 0.0140046 | 0.0471216 | 0.243899 | 0.270969 
InterfModel=0 50 | 0.0396799 | 0.0186729 | 0.0504556 | 0.22446 | 0.286876 
InterfModel=0 51 | 0.03001 | 0.0156719 | 0.0422316 | 0.244198 | 0.256602 
InterfModel=0 52 | 0.0333444 | 0.015005 | 0.0557778 | 0.240699 | 0.254967 
InterfModel=0 53 | 0.033 | 0.0196732 | 0.0533452 | 0.227364 | 0.272703 
InterfModel=0 54 | 0.042014 | 0.0153384 | 0.0488998 | 0.22483 | 0.280304 
InterfModel=0 55 | 0.0400133 | 0.0126709 | 0.0482329 | 0.236031 | 0.278704 
InterfModel=0 56 | 0.036012 | 0.0166723 | 0.0520115 | 0.265902 | 0.255467 
InterfModel=0 57 | 0.042014 | 0.0153384 | 0.0448989 | 0.223763 | 0.27257 
InterfModel=0 58 | 0.0350116 | 0.0143381 | 0.0482222 | 0.240699 | 0.262968 
InterfModel=0 59 | 0.0400133 | 0.0146716 | 0.049122 | 0.208961 | 0.280341 
InterfModel=0 60 | 0.0400133 | 0.0140046 | 0.0457879 | 0.224297 | 0.271503 
InterfModel=0 61 | 0.0463488 | 0.0156719 | 0.0526783 | 0.230964 | 0.272606 
InterfModel=0 62 | 0.0366789 | 0.0143381 | 0.0513448 | 0.240832 | 0.274303 
InterfModel=0 63 | 0.0393333 | 0.0156719 | 0.0428889 | 0.236031 | 0.283104 
InterfModel=0 64 | 0.0430143 | 0.0200067 | 0.0386752 | 0.225897 | 0.273103 
InterfModel=0 65 | 0.0356786 | 0.0170057 | 0.0457879 | 0.234667 | 0.261502 
InterfModel=0 66 | 0.0350116 | 0.0170057 | 0.0413333 | 0.229231 | 0.270169 
InterfModel=0 67 | 0.039013 | 0.0156719 | 0.0420094 | 0.260035 | 0.2515 
InterfModel=0 68 | 0.0403468 | 0.0126709 | 0.0451211 | 0.228831 | 0.279008 
InterfModel=0 69 | 0.0456819 | 0.0153384 | 0.0428984 | 0.235231 | 0.266702 
InterfModel=0 70 | 0.0393465 | 0.0183395 | 0.0388975 | 0.228861 | 0.263102 
InterfModel=0 71 | 0.0346782 | 0.0106702 | 0.0424539 | 0.22563 | 0.279237 
InterfModel=0 72 | 0.036012 | 0.0166723 | 0.0497888 | 0.223467 | 0.278971 
InterfModel=0 73 | 0.0426809 | 0.0143381 | 0.0502334 | 0.2184 | 0.286476 
InterfModel=0 74 | 0.0393465 | 0.0123374 | 0.0395644 | 0.228964 | 0.256335 
InterfModel=0 75 | 0.0433478 | 0.0156667 | 0.0471216 | 0.244966 | 0.242699 
InterfModel=0 76 | 0.0416806 | 0.0130044 | 0.0448989 | 0.22443 | 0.284705 
InterfModel=0 77 | 0.0396799 | 0.0146667 | 0.0417871 | 0.216429 | 0.261067 
InterfModel=0 78 | 0.0426809 | 0.0133378 | 0.046 | 0.220963 | 0.2784 
InterfModel=0 79 | 0.0306769 | 0.0103368 | 0.0509002 | 0.235365 | 0.282838 
InterfModel=0 80 | 0.0386795 | 0.0146716 | 0.0453434 | 0.216562 | 0.278971 
InterfModel=0 81 | 0.0333444 | 0.0143381 | 0.0457879 | 0.242432 | 0.254434 
InterfModel=0 82 | 0.0356666 | 0.0133378 | 0.0446766 | 0.211523 | 0.281904 
InterfModel=0 83 | 0.0440147 | 0.0166723 | 0.0480106 | 0.219792 | 0.284705 
InterfModel=0 84 | 0.0353333 | 0.0143381 | 0.0431207 | 0.238432 | 0.270969 
InterfModel=0 85 | 0.0396799 | 0.0166667 | 0.0431207 | 0.240832 | 0.27354 
InterfModel=0 86 | 0.0370123 | 0.0140046 | 0.0440098 | 0.2556 | 0.270169 
InterfModel=0 87 | 0.0306769 | 0.0186667 | 0.0480106 | 0.244065 | 0.268036 
InterfModel=0 88 | 0.0400133 | 0.0146716 | 0.0473439 | 0.237098 | 0.264604 
InterfModel=0 89 | 0.0346782 | 0.0110037 | 0.0417778 | 0.225733 | 0.274267 
InterfModel=0 90 | 0.0396799 | 0.0170057 | 0.0529007 | 0.220429 | 0.280304 
InterfModel=0 91 | 0.0406802 | 0.0153384 | 0.0411202 | 0.243665 | 0.253367 
InterfModel=0 92 | 0.0463488 | 0.0123333 | 0.0446766 | 0.226964 | 0.267636 
InterfModel=0 93 | 0.0363454 | 0.0170057 | 0.0433429 | 0.234062 | 0.263368 
InterfModel=0 94 | 0.0443481 | 0.0153384 | 0.0475661 | 0.226297 | 0.285238 
InterfModel=0 95 | 0.0380127 | 0.0143381 | 0.0462325 | 0.235765 | 0.270436 
InterfModel=0 96 | 0.041 | 0.0140046 | 0.049122 | 0.22523 | 0.277504 
InterfModel=0 97 | 0.0406802 | 0.0183395 | 0.0511225 | 0.226697 | 0.279504 
InterfModel=0 98 | 0.037 | 0.0176666 | 0.0509002 | 0.246599 | 0.282742 
InterfModel=0 99 | 0.0370123 | 0.0156719 | 0.0428984 | 0.216295 | 0.266338 
InterfModel=1 0 | 0.0883628 | 0.0760254 | 0.146922 | 0.42619 | 0.492665 
InterfModel=1 1 | 0.0826942 | 0.0590197 | 0.132918 | 0.428648 | 0.503734 
InterfModel=1 2 | 0.0863333 | 0.0596865 | 0.179151 | 0.435658 | 0.506601 
InterfModel=1 3 | 0.0910304 | 0.0620207 | 0.147144 | 0.419045 | 0.496466 
InterfModel=1 4 | 0.0863333 | 0.0596865 | 0.166926 | 0.418322 | 0.48733 
InterfModel=1 5 | 0.0933645 | 0.054018 | 0.152256 | 0.446119 | 0.502467 
InterfModel=1 6 | 0.0886962 | 0.0626667 | 0.143587 | 0.438667 | 0.504201 
InterfModel=1 7 | 0.0883628 | 0.0680227 | 0.106913 | 0.429124 | 0.514735 
InterfModel=1 8 | 0.0906969 | 0.0636879 | 0.11936 | 0.434116 | 0.510201 
InterfModel=1 9 | 0.084028 | 0.0760254 | 0.139809 | 0.430057 | 0.505667 
InterfModel=1 10 | 0.0800267 | 0.0643548 | 0.129807 | 0.425714 | 0.504601 
InterfModel=1 11 | 0.0826942 | 0.0663555 | 0.141365 | 0.439584 | 0.479931 
InterfModel=1 12 | 0.0830277 | 0.0593531 | 0.144699 | 0.435258 | 0.484998 
InterfModel=1 13 | 0.0923641 | 0.0653551 | 0.125583 | 0.425714 | 0.507534 
InterfModel=1 14 | 0.0943648 | 0.0636879 | 0.140031 | 0.431658 | 0.52247 
InterfModel=1 15 | 0.0843614 | 0.0616872 | 0.119804 | 0.432324 | 0.496466 
InterfModel=1 16 | 0.0743581 | 0.0613538 | 0.133808 | 0.42139 | 0.504134 
InterfModel=1 17 | 0.0823608 | 0.0636879 | 0.125583 | 0.411788 | 0.486198 
InterfModel=1 18 | 0.0853618 | 0.0723575 | 0.142254 | 0.436191 | 0.501934 
InterfModel=1 19 | 0.0813605 | 0.0650217 | 0.147588 | 0.417845 | 0.495465 
InterfModel=1 20 | 0.084028 | 0.0686896 | 0.13603 | 0.446726 | 0.507001 
InterfModel=1 21 | 0.0766922 | 0.0650217 | 0.134697 | 0.439184 | 0.478197 
InterfModel=1 22 | 0.0800267 | 0.0640213 | 0.138667 | 0.421256 | 0.501867 
InterfModel=1 23 | 0.0873625 | 0.0583528 | 0.144032 | 0.42539 | 0.491399 
InterfModel=1 24 | 0.0903634 | 0.0663555 | 0.139142 | 0.421656 | 0.497133 
InterfModel=1 25 | 0.0970324 | 0.072024 | 0.150478 | 0.441526 | 0.502401 
InterfModel=1 26 | 0.0746916 | 0.0580193 | 0.155146 | 0.408188 | 0.506201 
InterfModel=1 27 | 0.093031 | 0.0563521 | 0.132474 | 0.426 | 0.512267 
InterfModel=1 28 | 0.0776926 | 0.0610203 | 0.116026 | 0.42259 | 0.488397 
InterfModel=1 29 | 0.0910304 | 0.0580193 | 0.130029 | 0.409521 | 0.505401 
InterfModel=1 30 | 0.0786929 | 0.068 | 0.121805 | 0.432515 | 0.4966 
InterfModel=1 31 | 0.0926667 | 0.0693564 | 0.140253 | 0.411388 | 0.516938 
InterfModel=1 32 | 0.0753585 | 0.0576859 | 0.13114 | 0.420589 | 0.493067 
InterfModel=1 33 | 0.0993664 | 0.0640213 | 0.135363 | 0.42539 | 0.507668 
InterfModel=1 34 | 0.0776926 | 0.069023 | 0.12425 | 0.435525 | 0.5018 
InterfModel=1 35 | 0.078026 | 0.0576859 | 0.108469 | 0.437183 | 0.491666 
InterfModel=1 36 | 0.0763588 | 0.0583528 | 0.131585 | 0.433658 | 0.4966 
InterfModel=1 37 | 0.0856952 | 0.0636879 | 0.107357 | 0.426057 | 0.501733 
InterfModel=1 38 | 0.0786929 | 0.0650217 | 0.127584 | 0.438784 | 0.509668 
InterfModel=1 39 | 0.0850284 | 0.0670223 | 0.160258 | 0.411255 | 0.500533 
InterfModel=1 40 | 0.0846949 | 0.0650217 | 0.144444 | 0.418322 | 0.502734 
InterfModel=1 41 | 0.0876959 | 0.0676892 | 0.109111 | 0.422856 | 0.525003 
InterfModel=1 42 | 0.0873625 | 0.0620207 | 0.114692 | 0.440133 | 0.5 
InterfModel=1 43 | 0.0816939 | 0.0603535 | 0.138031 | 0.435525 | 0.507934 
InterfModel=1 44 | 0.0830277 | 0.0673558 | 0.137808 | 0.430991 | 0.490199 
InterfModel=1 45 | 0.0853618 | 0.0620207 | 0.144477 | 0.422779 | 0.490599 
InterfModel=1 46 | 0.0833611 | 0.0703568 | 0.1507 | 0.422056 | 0.494665 
InterfModel=1 47 | 0.0876959 | 0.0680227 | 0.145556 | 0.439984 | 0.499533 
InterfModel=1 48 | 0.0893631 | 0.0586863 | 0.140031 | 0.444059 | 0.504867 
InterfModel=1 49 | 0.0776666 | 0.0653551 | 0.10669 | 0.413255 | 0.516069 
InterfModel=1 50 | 0.0803601 | 0.071 | 0.145556 | 0.410988 | 0.514202 
InterfModel=1 51 | 0.0803601 | 0.0676666 | 0.137142 | 0.431524 | 0.5018 
InterfModel=1 52 | 0.0860287 | 0.06002 | 0.134252 | 0.40352 | 0.501934 
InterfModel=1 53 | 0.0776926 | 0.0700234 | 0.126444 | 0.441126 | 0.488198 
InterfModel=1 54 | 0.0730243 | 0.0683561 | 0.111778 | 0.434858 | 0.501733 
InterfModel=1 55 | 0.081027 | 0.0623333 | 0.134252 | 0.431791 | 0.508601 
InterfModel=1 56 | 0.0916972 | 0.0736912 | 0.122472 | 0.432191 | 0.505134 
InterfModel=1 57 | 0.0863621 | 0.0670223 | 0.149366 | 0.437583 | 0.505134 
InterfModel=1 58 | 0.0846949 | 0.0610203 | 0.141587 | 0.42539 | 0.497733 
InterfModel=1 59 | 0.0860287 | 0.0643548 | 0.141587 | 0.434249 | 0.507534 
InterfModel=1 60 | 0.0796933 | 0.0686896 | 0.123138 | 0.449127 | 0.498866 
InterfModel=1 61 | 0.075025 | 0.0556852 | 0.157333 | 0.407521 | 0.504467 
InterfModel=1 62 | 0.0836946 | 0.0716906 | 0.134474 | 0.414533 | 0.513268 
InterfModel=1 63 | 0.0866956 | 0.0653551 | 0.132474 | 0.410243 | 0.4984 
InterfModel=1 64 | 0.0896966 | 0.0646882 | 0.132696 | 0.426457 | 0.511402 
InterfModel=1 65 | 0.096032 | 0.0656886 | 0.141142 | 0.430191 | 0.494599 
InterfModel=1 66 | 0.0833333 | 0.0606869 | 0.133363 | 0.443126 | 0.507134 
InterfModel=1 67 | 0.0776926 | 0.0566856 | 0.164 | 0.410721 | 0.484998 
InterfModel=1 68 | 0.0800267 | 0.0643548 | 0.125361 | 0.426514 | 0.510601 
InterfModel=1 69 | 0.0963655 | 0.0583333 | 0.133808 | 0.442459 | 0.5022 
InterfModel=1 70 | 0.0786929 | 0.0623333 | 0.122916 | 0.431182 | 0.52767 
InterfModel=1 71 | 0.0853618 | 0.0723575 | 0.12914 | 0.445526 | 0.503 
InterfModel=1 72 | 0.0933645 | 0.0743581 | 0.119804 | 0.443659 | 0.508201 
InterfModel=1 73 | 0.0953651 | 0.0703568 | 0.147588 | 0.420989 | 0.490397 
InterfModel=1 74 | 0.087029 | 0.057019 | 0.125361 | 0.4116 | 0.5148 
InterfModel=1 75 | 0.0883628 | 0.0563521 | 0.129778 | 0.415389 | 0.500533 
InterfModel=1 76 | 0.0880293 | 0.0670223 | 0.171594 | 0.429181 | 0.512735 
InterfModel=1 77 | 0.0796933 | 0.0676666 | 0.120249 | 0.436458 | 0.507401 
InterfModel=1 78 | 0.0773591 | 0.0693564 | 0.136697 | 0.418989 | 0.492999 
InterfModel=1 79 | 0.081027 | 0.0626876 | 0.144921 | 0.426857 | 0.490865 
InterfModel=1 80 | 0.0906969 | 0.0550184 | 0.172076 | 0.40152 | 0.512335 
InterfModel=1 81 | 0.0910304 | 0.0553333 | 0.114914 | 0.42398 | 0.495533 
InterfModel=1 82 | 0.0933645 | 0.0640213 | 0.110024 | 0.432133 | 0.507469 
InterfModel=1 83 | 0.0883628 | 0.0636879 | 0.116 | 0.438592 | 0.507534 
InterfModel=1 84 | 0.0923641 | 0.0603535 | 0.183152 | 0.439851 | 0.502334 
InterfModel=1 85 | 0.092 | 0.0610203 | 0.153812 | 0.414455 | 0.506468 
InterfModel=1 86 | 0.0820273 | 0.0536845 | 0.1018 | 0.432191 | 0.499 
InterfModel=1 87 | 0.0773591 | 0.0603535 | 0.145843 | 0.430115 | 0.5014 
InterfModel=1 88 | 0.0853618 | 0.061 | 0.166481 | 0.424323 | 0.501133 
InterfModel=1 89 | 0.099033 | 0.0603535 | 0.153145 | 0.426533 | 0.503334 
InterfModel=1 90 | 0.0830277 | 0.0663555 | 0.132474 | 0.416456 | 0.502001 
InterfModel=1 91 | 0.0843614 | 0.0636879 | 0.130918 | 0.418056 | 0.515337 
InterfModel=1 92 | 0.0996999 | 0.0673558 | 0.145143 | 0.442059 | 0.501 
InterfModel=1 93 | 0.078026 | 0.06 | 0.106468 | 0.429981 | 0.488999 
InterfModel=1 94 | 0.0916972 | 0.0603535 | 0.168037 | 0.411388 | 0.4982 
InterfModel=1 95 | 0.0896966 | 0.0656886 | 0.159111 | 0.42438 | 0.496199 
InterfModel=1 96 | 0.0923333 | 0.0643548 | 0.164703 | 0.430115 | 0.510601 
InterfModel=1 97 | 0.0826942 | 0.06002 | 0.152034 | 0.435183 | 0.492599 
InterfModel=1 98 | 0.0786929 | 0.06002 | 0.128889 | 0.427581 | 0.514869 
InterfModel=1 99 | 0.0813605 | 0.0680227 | 0.113111 | 0.432058 | 0.498466 
InterfModel=2 0 | 0.0566856 | 0.00866956 | 0.0709047 | 0.302174 | 0.39984 
InterfModel=2 1 | 0.0616872 | 0.00900298 | 0.0762392 | 0.29684 | 0.383302 
InterfModel=2 2 | 0.0556852 | 0.0133378 | 0.0766667 | 0.314442 | 0.399787 
InterfModel=2 3 | 0.0563521 | 0.0130044 | 0.0673483 | 0.3072 | 0.394586 
InterfModel=2 4 | 0.0663555 | 0.0156719 | 0.0731274 | 0.320576 | 0.369916 
InterfModel=2 5 | 0.06002 | 0.018006 | 0.0693488 | 0.311817 | 0.372183 
InterfModel=2 6 | 0.06002 | 0.0123374 | 0.0760169 | 0.310308 | 0.386318 
InterfModel=2 7 | 0.066022 | 0.015 | 0.0662223 | 0.31115 | 0.386051 
InterfModel=2 8 | 0.0640213 | 0.015005 | 0.0573461 | 0.301907 | 0.384185 
InterfModel=2 9 | 0.0556667 | 0.0143381 | 0.0600134 | 0.315242 | 0.400187 
InterfModel=2 10 | 0.0513505 | 0.0146716 | 0.0706823 | 0.313108 | 0.390719 
InterfModel=2 11 | 0.0693564 | 0.0123374 | 0.0831296 | 0.317109 | 0.382718 
InterfModel=2 12 | 0.0546849 | 0.0103368 | 0.0640142 | 0.312308 | 0.390452 
InterfModel=2 13 | 0.062 | 0.0170057 | 0.0629029 | 0.293239 | 0.397386 
InterfModel=2 14 | 0.0673558 | 0.0153384 | 0.0800178 | 0.319776 | 0.371916 
InterfModel=2 15 | 0.0676892 | 0.0143381 | 0.0709047 | 0.293278 | 0.399387 
InterfModel=2 16 | 0.0653551 | 0.0100033 | 0.076906 | 0.306441 | 0.390585 
InterfModel=2 17 | 0.0596865 | 0.0103368 | 0.088 | 0.305374 | 0.391119 
InterfModel=2 18 | 0.0593531 | 0.018006 | 0.0746832 | 0.325643 | 0.364715 
InterfModel=2 19 | 0.0640213 | 0.018006 | 0.0842409 | 0.305641 | 0.396186 
InterfModel=2 20 | 0.0596865 | 0.0133378 | 0.0751278 | 0.294039 | 0.395706 
InterfModel=2 21 | 0.0553518 | 0.0126709 | 0.069571 | 0.315733 | 0.39672 
InterfModel=2 22 | 0.0583333 | 0.0126709 | 0.0764614 | 0.294479 | 0.396239 
InterfModel=2 23 | 0.0723575 | 0.0136712 | 0.072016 | 0.296573 | 0.392852 
InterfModel=2 24 | 0.0576859 | 0.0130044 | 0.0697933 | 0.324086 | 0.395706 
InterfModel=2 25 | 0.0500167 | 0.0140046 | 0.0700155 | 0.291544 | 0.39864 
InterfModel=2 26 | 0.0650217 | 0.018006 | 0.0735719 | 0.324487 | 0.37725 
InterfModel=2 27 | 0.0723575 | 0.015005 | 0.0629029 | 0.3124 | 0.372716 
InterfModel=2 28 | 0.0640213 | 0.017 | 0.0755724 | 0.311508 | 0.384903 
InterfModel=2 29 | 0.054018 | 0.0166723 | 0.0740165 | 0.308308 | 0.393919 
InterfModel=2 30 | 0.0626876 | 0.012004 | 0.0809069 | 0.319376 | 0.378184 
InterfModel=2 31 | 0.0666889 | 0.0166723 | 0.0895556 | 0.294039 | 0.400987 
InterfModel=2 32 | 0.0650217 | 0.016 | 0.0848889 | 0.318843 | 0.383651 
InterfModel=2 33 | 0.0533511 | 0.0193398 | 0.0793509 | 0.304307 | 0.398053 
InterfModel=2 34 | 0.0653551 | 0.0146716 | 0.0644588 | 0.299373 | 0.392719 
InterfModel=2 35 | 0.0676892 | 0.0136712 | 0.0577906 | 0.318976 | 0.392052 
InterfModel=2 36 | 0.0556852 | 0.0110037 | 0.0826851 | 0.300173 | 0.395172 
InterfModel=2 37 | 0.0633544 | 0.0163388 | 0.0911314 | 0.294306 | 0.371832 
InterfModel=2 38 | 0.0523508 | 0.0153334 | 0.0809069 | 0.305907 | 0.394053 
InterfModel=2 39 | 0.0683561 | 0.012004 | 0.0795556 | 0.304974 | 0.405067 
InterfModel=2 40 | 0.0666889 | 0.0153384 | 0.0751278 | 0.310308 | 0.37805 
InterfModel=2 41 | 0.0530177 | 0.0140046 | 0.0906868 | 0.303414 | 0.384718 
InterfModel=2 42 | 0.0526842 | 0.017 | 0.0717937 | 0.312442 | 0.381784 
InterfModel=2 43 | 0.0536845 | 0.0116705 | 0.0737942 | 0.312708 | 0.379384 
InterfModel=2 44 | 0.0596865 | 0.0123374 | 0.0702378 | 0.300973 | 0.404187 
InterfModel=2 45 | 0.0626876 | 0.0133378 | 0.0757946 | 0.305148 | 0.365698 
InterfModel=2 46 | 0.0640213 | 0.0160053 | 0.0795732 | 0.293372 | 0.380902 
InterfModel=2 47 | 0.0586863 | 0.0173391 | 0.0655701 | 0.315509 | 0.382533 
InterfModel=2 48 | 0.054018 | 0.0163388 | 0.0597911 | 0.298973 | 0.396906 
InterfModel=2 49 | 0.0736667 | 0.0146716 | 0.0693488 | 0.311242 | 0.372183 
InterfModel=2 50 | 0.0703568 | 0.0153334 | 0.0775728 | 0.309108 | 0.397706 
InterfModel=2 51 | 0.0576859 | 0.0173391 | 0.0826851 | 0.293773 | 0.409388 
InterfModel=2 52 | 0.0573334 | 0.0133378 | 0.0817959 | 0.325243 | 0.373516 
InterfModel=2 53 | 0.0616872 | 0.0173391 | 0.0937986 | 0.304307 | 0.403387 
InterfModel=2 54 | 0.0590197 | 0.012004 | 0.0822405 | 0.307108 | 0.396186 
InterfModel=2 55 | 0.0700234 | 0.0176725 | 0.0724605 | 0.304974 | 0.388185 
InterfModel=2 56 | 0.0560187 | 0.0133378 | 0.0946877 | 0.325687 | 0.378851 
InterfModel=2 57 | 0.0553518 | 0.013 | 0.0811111 | 0.303907 | 0.397306 
InterfModel=2 58 | 0.0556852 | 0.0186729 | 0.0713492 | 0.294039 | 0.392905 
InterfModel=2 59 | 0.0730243 | 0.016 | 0.0824628 | 0.309241 | 0.374233 
InterfModel=2 60 | 0.0513505 | 0.0133378 | 0.0795732 | 0.322 | 0.383785 
InterfModel=2 61 | 0.0546849 | 0.0136712 | 0.076 | 0.305374 | 0.392852 
InterfModel=2 62 | 0.0653551 | 0.0176725 | 0.0677928 | 0.302974 | 0.401867 
InterfModel=2 63 | 0.055 | 0.0183333 | 0.0693488 | 0.313642 | 0.388452 
InterfModel=2 64 | 0.0713571 | 0.0170057 | 0.0657924 | 0.32431 | 0.389971 
InterfModel=2 65 | 0.0576667 | 0.0133378 | 0.0713492 | 0.308441 | 0.383169 
InterfModel=2 66 | 0.0650217 | 0.0123374 | 0.0802401 | 0.317067 | 0.370766 
InterfModel=2 67 | 0.061 | 0.0133378 | 0.0682374 | 0.318843 | 0.392052 
InterfModel=2 68 | 0.0560187 | 0.0096699 | 0.0691265 | 0.321109 | 0.389385 
InterfModel=2 69 | 0.0636879 | 0.018006 | 0.0873528 | 0.32191 | 0.372183 
InterfModel=2 70 | 0.0713571 | 0.0140046 | 0.0711269 | 0.311908 | 0.373917 
InterfModel=2 71 | 0.0556852 | 0.0140046 | 0.0706823 | 0.308133 | 0.399653 
InterfModel=2 72 | 0.0606869 | 0.0146667 | 0.0775555 | 0.309508 | 0.403654 
InterfModel=2 73 | 0.0616872 | 0.0183395 | 0.0753501 | 0.296173 | 0.37845 
InterfModel=2 74 | 0.0640213 | 0.0153384 | 0.0782396 | 0.314217 | 0.392319 
InterfModel=2 75 | 0.0633544 | 0.0143381 | 0.0775728 | 0.304441 | 0.380451 
InterfModel=2 76 | 0.0623541 | 0.012004 | 0.0653479 | 0.32502 | 0.390452 
InterfModel=2 77 | 0.0683561 | 0.0140046 | 0.0731274 | 0.309775 | 0.37725 
InterfModel=2 78 | 0.0626876 | 0.0126709 | 0.0817959 | 0.308174 | 0.39632 
InterfModel=2 79 | 0.066022 | 0.0156719 | 0.0766837 | 0.312308 | 0.400533 
InterfModel=2 80 | 0.0613538 | 0.0153384 | 0.0689042 | 0.307333 | 0.384903 
InterfModel=2 81 | 0.0583528 | 0.0186729 | 0.0706823 | 0.335289 | 0.364582 
InterfModel=2 82 | 0.0590197 | 0.0160053 | 0.0844632 | 0.306574 | 0.369649 
InterfModel=2 83 | 0.0573524 | 0.0116705 | 0.072016 | 0.295239 | 0.414589 
InterfModel=2 84 | 0.0676892 | 0.0130044 | 0.0748889 | 0.308082 | 0.388985 
InterfModel=2 85 | 0.0603535 | 0.012004 | 0.0711269 | 0.303948 | 0.396053 
InterfModel=2 86 | 0.0573524 | 0.0146716 | 0.0909091 | 0.291144 | 0.390319 
InterfModel=2 87 | 0.0616872 | 0.0106702 | 0.0617915 | 0.309775 | 0.396639 
InterfModel=2 88 | 0.057019 | 0.015005 | 0.0857968 | 0.308308 | 0.383702 
InterfModel=2 89 | 0.0706902 | 0.0173391 | 0.0742387 | 0.308667 | 0.399306 
InterfModel=2 90 | 0.054018 | 0.0153384 | 0.0726828 | 0.309908 | 0.382851 
InterfModel=2 91 | 0.053 | 0.0143333 | 0.0862414 | 0.312442 | 0.389652 
InterfModel=2 92 | 0.0553518 | 0.0103368 | 0.0751278 | 0.313642 | 0.387118 
InterfModel=2 93 | 0.0620207 | 0.0166723 | 0.0762392 | 0.294839 | 0.404667 
InterfModel=2 94 | 0.0583528 | 0.0140046 | 0.0642365 | 0.304174 | 0.402987 
InterfModel=2 95 | 0.0526842 | 0.0163388 | 0.076906 | 0.323333 | 0.368316 
InterfModel=2 96 | 0.0650217 | 0.0166723 | 0.0811291 | 0.312708 | 0.377167 
InterfModel=2 97 | 0.0583528 | 0.0110037 | 0.074461 | 0.300133 | 0.402587 
InterfModel=2 98 | 0.0680227 | 0.0113371 | 0.0789064 | 0.317376 | 0.365915 
InterfModel=2 99 | 0.0710237 | 0.0156719 | 0.0653479 | 0.315242 | 0.388985 

