CastaliaResults -i saida.txt -s Remaining Energy -n --all -o2                                                              

ResourceManager:Remaining Energy
 | node=0 | node=1 | node=2 | node=3 | node=4 | node=5
InterfModel=0 | 18719.1 | 18719.8 | 18719.8 | 18719.8 | 18719.8 | 18719.8 
InterfModel=1 | 18719.1 | 18719.8 | 18719.8 | 18719.8 | 18719.8 | 18719.8 
InterfModel=2 | 18719.1 | 18719.8 | 18719.8 | 18719.8 | 18719.8 | 18719.8 
ResourceManager:Remaining Energy - all values
 | node=0 | node=1 | node=2 | node=3 | node=4 | node=5
InterfModel=0 0 | 18719.1 | 18719.8 | 18719.8 | 18719.8 | 18719.8 | 18719.8 
InterfModel=0 1 | 18719.1 | 18719.8 | 18719.8 | 18719.8 | 18719.8 | 18719.8 
InterfModel=0 2 | 18719.1 | 18719.8 | 18719.8 | 18719.8 | 18719.8 | 18719.8 
InterfModel=0 3 | 18719.1 | 18719.8 | 18719.8 | 18719.8 | 18719.8 | 18719.8 
InterfModel=0 4 | 18719.1 | 18719.8 | 18719.8 | 18719.8 | 18719.8 | 18719.8 
InterfModel=0 5 | 18719.1 | 18719.8 | 18719.8 | 18719.8 | 18719.8 | 18719.8 
InterfModel=0 6 | 18719.1 | 18719.8 | 18719.8 | 18719.8 | 18719.8 | 18719.8 
InterfModel=0 7 | 18719.1 | 18719.8 | 18719.8 | 18719.8 | 18719.8 | 18719.8 
InterfModel=0 8 | 18719.1 | 18719.8 | 18719.8 | 18719.8 | 18719.8 | 18719.8 
InterfModel=0 9 | 18719.1 | 18719.8 | 18719.8 | 18719.8 | 18719.8 | 18719.8 
InterfModel=0 10 | 18719.1 | 18719.8 | 18719.8 | 18719.8 | 18719.8 | 18719.8 
InterfModel=0 11 | 18719.1 | 18719.8 | 18719.8 | 18719.8 | 18719.8 | 18719.8 
InterfModel=0 12 | 18719.1 | 18719.8 | 18719.8 | 18719.8 | 18719.8 | 18719.8 
InterfModel=0 13 | 18719.1 | 18719.8 | 18719.8 | 18719.8 | 18719.8 | 18719.8 
InterfModel=0 14 | 18719.1 | 18719.8 | 18719.8 | 18719.8 | 18719.8 | 18719.8 
InterfModel=0 15 | 18719.1 | 18719.8 | 18719.8 | 18719.8 | 18719.8 | 18719.8 
InterfModel=0 16 | 18719.1 | 18719.8 | 18719.8 | 18719.8 | 18719.8 | 18719.8 
InterfModel=0 17 | 18719.1 | 18719.8 | 18719.8 | 18719.8 | 18719.8 | 18719.8 
InterfModel=0 18 | 18719.1 | 18719.8 | 18719.8 | 18719.8 | 18719.8 | 18719.8 
InterfModel=0 19 | 18719.1 | 18719.8 | 18719.8 | 18719.8 | 18719.8 | 18719.8 
InterfModel=0 20 | 18719.1 | 18719.8 | 18719.8 | 18719.8 | 18719.8 | 18719.8 
InterfModel=0 21 | 18719.1 | 18719.8 | 18719.8 | 18719.8 | 18719.8 | 18719.8 
InterfModel=0 22 | 18719.1 | 18719.8 | 18719.8 | 18719.8 | 18719.8 | 18719.8 
InterfModel=0 23 | 18719.1 | 18719.8 | 18719.8 | 18719.8 | 18719.8 | 18719.8 
InterfModel=0 24 | 18719.1 | 18719.8 | 18719.8 | 18719.8 | 18719.8 | 18719.8 
InterfModel=0 25 | 18719.1 | 18719.8 | 18719.8 | 18719.8 | 18719.8 | 18719.8 
InterfModel=0 26 | 18719.1 | 18719.8 | 18719.8 | 18719.8 | 18719.8 | 18719.8 
InterfModel=0 27 | 18719.1 | 18719.8 | 18719.8 | 18719.8 | 18719.8 | 18719.8 
InterfModel=0 28 | 18719.1 | 18719.8 | 18719.8 | 18719.8 | 18719.8 | 18719.8 
InterfModel=0 29 | 18719.1 | 18719.8 | 18719.8 | 18719.8 | 18719.8 | 18719.8 
InterfModel=0 30 | 18719.1 | 18719.8 | 18719.8 | 18719.8 | 18719.8 | 18719.8 
InterfModel=0 31 | 18719.1 | 18719.8 | 18719.8 | 18719.8 | 18719.8 | 18719.8 
InterfModel=0 32 | 18719.1 | 18719.8 | 18719.8 | 18719.8 | 18719.8 | 18719.8 
InterfModel=0 33 | 18719.1 | 18719.8 | 18719.8 | 18719.8 | 18719.8 | 18719.8 
InterfModel=0 34 | 18719.1 | 18719.8 | 18719.8 | 18719.8 | 18719.8 | 18719.8 
InterfModel=0 35 | 18719.1 | 18719.8 | 18719.8 | 18719.8 | 18719.8 | 18719.8 
InterfModel=0 36 | 18719.1 | 18719.8 | 18719.8 | 18719.8 | 18719.8 | 18719.8 
InterfModel=0 37 | 18719.1 | 18719.8 | 18719.8 | 18719.8 | 18719.8 | 18719.8 
InterfModel=0 38 | 18719.1 | 18719.8 | 18719.8 | 18719.8 | 18719.8 | 18719.8 
InterfModel=0 39 | 18719.1 | 18719.8 | 18719.8 | 18719.8 | 18719.8 | 18719.8 
InterfModel=0 40 | 18719.1 | 18719.8 | 18719.8 | 18719.8 | 18719.8 | 18719.8 
InterfModel=0 41 | 18719.1 | 18719.8 | 18719.8 | 18719.8 | 18719.8 | 18719.8 
InterfModel=0 42 | 18719.1 | 18719.8 | 18719.8 | 18719.8 | 18719.8 | 18719.8 
InterfModel=0 43 | 18719.1 | 18719.8 | 18719.8 | 18719.8 | 18719.8 | 18719.8 
InterfModel=0 44 | 18719.1 | 18719.8 | 18719.8 | 18719.8 | 18719.8 | 18719.8 
InterfModel=0 45 | 18719.1 | 18719.8 | 18719.8 | 18719.8 | 18719.8 | 18719.8 
InterfModel=0 46 | 18719.1 | 18719.8 | 18719.8 | 18719.8 | 18719.8 | 18719.8 
InterfModel=0 47 | 18719.1 | 18719.8 | 18719.8 | 18719.8 | 18719.8 | 18719.8 
InterfModel=0 48 | 18719.1 | 18719.8 | 18719.8 | 18719.8 | 18719.8 | 18719.8 
InterfModel=0 49 | 18719.1 | 18719.8 | 18719.8 | 18719.8 | 18719.8 | 18719.8 
InterfModel=0 50 | 18719.1 | 18719.8 | 18719.8 | 18719.8 | 18719.8 | 18719.8 
InterfModel=0 51 | 18719.1 | 18719.8 | 18719.8 | 18719.8 | 18719.8 | 18719.8 
InterfModel=0 52 | 18719.1 | 18719.8 | 18719.8 | 18719.8 | 18719.8 | 18719.8 
InterfModel=0 53 | 18719.1 | 18719.8 | 18719.8 | 18719.8 | 18719.8 | 18719.8 
InterfModel=0 54 | 18719.1 | 18719.8 | 18719.8 | 18719.8 | 18719.8 | 18719.8 
InterfModel=0 55 | 18719.1 | 18719.8 | 18719.8 | 18719.8 | 18719.8 | 18719.8 
InterfModel=0 56 | 18719.1 | 18719.8 | 18719.8 | 18719.8 | 18719.8 | 18719.8 
InterfModel=0 57 | 18719.1 | 18719.8 | 18719.8 | 18719.8 | 18719.8 | 18719.8 
InterfModel=0 58 | 18719.1 | 18719.8 | 18719.8 | 18719.8 | 18719.8 | 18719.8 
InterfModel=0 59 | 18719.1 | 18719.8 | 18719.8 | 18719.8 | 18719.8 | 18719.8 
InterfModel=0 60 | 18719.1 | 18719.8 | 18719.8 | 18719.8 | 18719.8 | 18719.8 
InterfModel=0 61 | 18719.1 | 18719.8 | 18719.8 | 18719.8 | 18719.8 | 18719.8 
InterfModel=0 62 | 18719.1 | 18719.8 | 18719.8 | 18719.8 | 18719.8 | 18719.8 
InterfModel=0 63 | 18719.1 | 18719.8 | 18719.8 | 18719.8 | 18719.8 | 18719.8 
InterfModel=0 64 | 18719.1 | 18719.8 | 18719.8 | 18719.8 | 18719.8 | 18719.8 
InterfModel=0 65 | 18719.1 | 18719.8 | 18719.8 | 18719.8 | 18719.8 | 18719.8 
InterfModel=0 66 | 18719.1 | 18719.8 | 18719.8 | 18719.8 | 18719.8 | 18719.8 
InterfModel=0 67 | 18719.1 | 18719.8 | 18719.8 | 18719.8 | 18719.8 | 18719.8 
InterfModel=0 68 | 18719.1 | 18719.8 | 18719.8 | 18719.8 | 18719.8 | 18719.8 
InterfModel=0 69 | 18719.1 | 18719.8 | 18719.8 | 18719.8 | 18719.8 | 18719.8 
InterfModel=0 70 | 18719.1 | 18719.8 | 18719.8 | 18719.8 | 18719.8 | 18719.8 
InterfModel=0 71 | 18719.1 | 18719.8 | 18719.8 | 18719.8 | 18719.8 | 18719.8 
InterfModel=0 72 | 18719.1 | 18719.8 | 18719.8 | 18719.8 | 18719.8 | 18719.8 
InterfModel=0 73 | 18719.1 | 18719.8 | 18719.8 | 18719.8 | 18719.8 | 18719.8 
InterfModel=0 74 | 18719.1 | 18719.8 | 18719.8 | 18719.8 | 18719.8 | 18719.8 
InterfModel=0 75 | 18719.1 | 18719.8 | 18719.8 | 18719.8 | 18719.8 | 18719.8 
InterfModel=0 76 | 18719.1 | 18719.8 | 18719.8 | 18719.8 | 18719.8 | 18719.8 
InterfModel=0 77 | 18719.1 | 18719.8 | 18719.8 | 18719.8 | 18719.8 | 18719.8 
InterfModel=0 78 | 18719.1 | 18719.8 | 18719.8 | 18719.8 | 18719.8 | 18719.8 
InterfModel=0 79 | 18719.1 | 18719.8 | 18719.8 | 18719.8 | 18719.8 | 18719.8 
InterfModel=0 80 | 18719.1 | 18719.8 | 18719.8 | 18719.8 | 18719.8 | 18719.8 
InterfModel=0 81 | 18719.1 | 18719.8 | 18719.8 | 18719.8 | 18719.8 | 18719.8 
InterfModel=0 82 | 18719.1 | 18719.8 | 18719.8 | 18719.8 | 18719.8 | 18719.8 
InterfModel=0 83 | 18719.1 | 18719.8 | 18719.8 | 18719.8 | 18719.8 | 18719.8 
InterfModel=0 84 | 18719.1 | 18719.8 | 18719.8 | 18719.8 | 18719.8 | 18719.8 
InterfModel=0 85 | 18719.1 | 18719.8 | 18719.8 | 18719.8 | 18719.8 | 18719.8 
InterfModel=0 86 | 18719.1 | 18719.8 | 18719.8 | 18719.8 | 18719.8 | 18719.8 
InterfModel=0 87 | 18719.1 | 18719.8 | 18719.8 | 18719.8 | 18719.8 | 18719.8 
InterfModel=0 88 | 18719.1 | 18719.8 | 18719.8 | 18719.8 | 18719.8 | 18719.8 
InterfModel=0 89 | 18719.1 | 18719.8 | 18719.8 | 18719.8 | 18719.8 | 18719.8 
InterfModel=0 90 | 18719.1 | 18719.8 | 18719.8 | 18719.8 | 18719.8 | 18719.8 
InterfModel=0 91 | 18719.1 | 18719.8 | 18719.8 | 18719.8 | 18719.8 | 18719.8 
InterfModel=0 92 | 18719.1 | 18719.8 | 18719.8 | 18719.8 | 18719.8 | 18719.8 
InterfModel=0 93 | 18719.1 | 18719.8 | 18719.8 | 18719.8 | 18719.8 | 18719.8 
InterfModel=0 94 | 18719.1 | 18719.8 | 18719.8 | 18719.8 | 18719.8 | 18719.8 
InterfModel=0 95 | 18719.1 | 18719.8 | 18719.8 | 18719.8 | 18719.8 | 18719.8 
InterfModel=0 96 | 18719.1 | 18719.8 | 18719.8 | 18719.8 | 18719.8 | 18719.8 
InterfModel=0 97 | 18719.1 | 18719.8 | 18719.8 | 18719.8 | 18719.8 | 18719.8 
InterfModel=0 98 | 18719.1 | 18719.8 | 18719.8 | 18719.8 | 18719.8 | 18719.8 
InterfModel=0 99 | 18719.1 | 18719.8 | 18719.8 | 18719.8 | 18719.8 | 18719.8 
InterfModel=1 0 | 18719.1 | 18719.8 | 18719.8 | 18719.8 | 18719.8 | 18719.8 
InterfModel=1 1 | 18719.1 | 18719.8 | 18719.8 | 18719.8 | 18719.8 | 18719.8 
InterfModel=1 2 | 18719.1 | 18719.8 | 18719.8 | 18719.8 | 18719.8 | 18719.8 
InterfModel=1 3 | 18719.1 | 18719.8 | 18719.8 | 18719.8 | 18719.8 | 18719.8 
InterfModel=1 4 | 18719.1 | 18719.8 | 18719.8 | 18719.8 | 18719.8 | 18719.8 
InterfModel=1 5 | 18719.1 | 18719.8 | 18719.8 | 18719.8 | 18719.8 | 18719.8 
InterfModel=1 6 | 18719.1 | 18719.8 | 18719.8 | 18719.8 | 18719.8 | 18719.8 
InterfModel=1 7 | 18719.1 | 18719.8 | 18719.8 | 18719.8 | 18719.8 | 18719.8 
InterfModel=1 8 | 18719.1 | 18719.8 | 18719.8 | 18719.8 | 18719.8 | 18719.8 
InterfModel=1 9 | 18719.1 | 18719.8 | 18719.8 | 18719.8 | 18719.8 | 18719.8 
InterfModel=1 10 | 18719.1 | 18719.8 | 18719.8 | 18719.8 | 18719.8 | 18719.8 
InterfModel=1 11 | 18719.1 | 18719.8 | 18719.8 | 18719.8 | 18719.8 | 18719.8 
InterfModel=1 12 | 18719.1 | 18719.8 | 18719.8 | 18719.8 | 18719.8 | 18719.8 
InterfModel=1 13 | 18719.1 | 18719.8 | 18719.8 | 18719.8 | 18719.8 | 18719.8 
InterfModel=1 14 | 18719.1 | 18719.8 | 18719.8 | 18719.8 | 18719.8 | 18719.8 
InterfModel=1 15 | 18719.1 | 18719.8 | 18719.8 | 18719.8 | 18719.8 | 18719.8 
InterfModel=1 16 | 18719.1 | 18719.8 | 18719.8 | 18719.8 | 18719.8 | 18719.8 
InterfModel=1 17 | 18719.1 | 18719.8 | 18719.8 | 18719.8 | 18719.8 | 18719.8 
InterfModel=1 18 | 18719.1 | 18719.8 | 18719.8 | 18719.8 | 18719.8 | 18719.8 
InterfModel=1 19 | 18719.1 | 18719.8 | 18719.8 | 18719.8 | 18719.8 | 18719.8 
InterfModel=1 20 | 18719.1 | 18719.8 | 18719.8 | 18719.8 | 18719.8 | 18719.8 
InterfModel=1 21 | 18719.1 | 18719.8 | 18719.8 | 18719.8 | 18719.8 | 18719.8 
InterfModel=1 22 | 18719.1 | 18719.8 | 18719.8 | 18719.8 | 18719.8 | 18719.8 
InterfModel=1 23 | 18719.1 | 18719.8 | 18719.8 | 18719.8 | 18719.8 | 18719.8 
InterfModel=1 24 | 18719.1 | 18719.8 | 18719.8 | 18719.8 | 18719.8 | 18719.8 
InterfModel=1 25 | 18719.1 | 18719.8 | 18719.8 | 18719.8 | 18719.8 | 18719.8 
InterfModel=1 26 | 18719.1 | 18719.8 | 18719.8 | 18719.8 | 18719.8 | 18719.8 
InterfModel=1 27 | 18719.1 | 18719.8 | 18719.8 | 18719.8 | 18719.8 | 18719.8 
InterfModel=1 28 | 18719.1 | 18719.8 | 18719.8 | 18719.8 | 18719.8 | 18719.8 
InterfModel=1 29 | 18719.1 | 18719.8 | 18719.8 | 18719.8 | 18719.8 | 18719.8 
InterfModel=1 30 | 18719.1 | 18719.8 | 18719.8 | 18719.8 | 18719.8 | 18719.8 
InterfModel=1 31 | 18719.1 | 18719.8 | 18719.8 | 18719.8 | 18719.8 | 18719.8 
InterfModel=1 32 | 18719.1 | 18719.8 | 18719.8 | 18719.8 | 18719.8 | 18719.8 
InterfModel=1 33 | 18719.1 | 18719.8 | 18719.8 | 18719.8 | 18719.8 | 18719.8 
InterfModel=1 34 | 18719.1 | 18719.8 | 18719.8 | 18719.8 | 18719.8 | 18719.8 
InterfModel=1 35 | 18719.1 | 18719.8 | 18719.8 | 18719.8 | 18719.8 | 18719.8 
InterfModel=1 36 | 18719.1 | 18719.8 | 18719.8 | 18719.8 | 18719.8 | 18719.8 
InterfModel=1 37 | 18719.1 | 18719.8 | 18719.8 | 18719.8 | 18719.8 | 18719.8 
InterfModel=1 38 | 18719.1 | 18719.8 | 18719.8 | 18719.8 | 18719.8 | 18719.8 
InterfModel=1 39 | 18719.1 | 18719.8 | 18719.8 | 18719.8 | 18719.8 | 18719.8 
InterfModel=1 40 | 18719.1 | 18719.8 | 18719.8 | 18719.8 | 18719.8 | 18719.8 
InterfModel=1 41 | 18719.1 | 18719.8 | 18719.8 | 18719.8 | 18719.8 | 18719.8 
InterfModel=1 42 | 18719.1 | 18719.8 | 18719.8 | 18719.8 | 18719.8 | 18719.8 
InterfModel=1 43 | 18719.1 | 18719.8 | 18719.8 | 18719.8 | 18719.8 | 18719.8 
InterfModel=1 44 | 18719.1 | 18719.8 | 18719.8 | 18719.8 | 18719.8 | 18719.8 
InterfModel=1 45 | 18719.1 | 18719.8 | 18719.8 | 18719.8 | 18719.8 | 18719.8 
InterfModel=1 46 | 18719.1 | 18719.8 | 18719.8 | 18719.8 | 18719.8 | 18719.8 
InterfModel=1 47 | 18719.1 | 18719.8 | 18719.8 | 18719.8 | 18719.8 | 18719.8 
InterfModel=1 48 | 18719.1 | 18719.8 | 18719.8 | 18719.8 | 18719.8 | 18719.8 
InterfModel=1 49 | 18719.1 | 18719.8 | 18719.8 | 18719.8 | 18719.8 | 18719.8 
InterfModel=1 50 | 18719.1 | 18719.8 | 18719.8 | 18719.8 | 18719.8 | 18719.8 
InterfModel=1 51 | 18719.1 | 18719.8 | 18719.8 | 18719.8 | 18719.8 | 18719.8 
InterfModel=1 52 | 18719.1 | 18719.8 | 18719.8 | 18719.8 | 18719.8 | 18719.8 
InterfModel=1 53 | 18719.1 | 18719.8 | 18719.8 | 18719.8 | 18719.8 | 18719.8 
InterfModel=1 54 | 18719.1 | 18719.8 | 18719.8 | 18719.8 | 18719.8 | 18719.8 
InterfModel=1 55 | 18719.1 | 18719.8 | 18719.8 | 18719.8 | 18719.8 | 18719.8 
InterfModel=1 56 | 18719.1 | 18719.8 | 18719.8 | 18719.8 | 18719.8 | 18719.8 
InterfModel=1 57 | 18719.1 | 18719.8 | 18719.8 | 18719.8 | 18719.8 | 18719.8 
InterfModel=1 58 | 18719.1 | 18719.8 | 18719.8 | 18719.8 | 18719.8 | 18719.8 
InterfModel=1 59 | 18719.1 | 18719.8 | 18719.8 | 18719.8 | 18719.8 | 18719.8 
InterfModel=1 60 | 18719.1 | 18719.8 | 18719.8 | 18719.8 | 18719.8 | 18719.8 
InterfModel=1 61 | 18719.1 | 18719.8 | 18719.8 | 18719.8 | 18719.8 | 18719.8 
InterfModel=1 62 | 18719.1 | 18719.8 | 18719.8 | 18719.8 | 18719.8 | 18719.8 
InterfModel=1 63 | 18719.1 | 18719.8 | 18719.8 | 18719.8 | 18719.8 | 18719.8 
InterfModel=1 64 | 18719.1 | 18719.8 | 18719.8 | 18719.8 | 18719.8 | 18719.8 
InterfModel=1 65 | 18719.1 | 18719.8 | 18719.8 | 18719.8 | 18719.8 | 18719.8 
InterfModel=1 66 | 18719.1 | 18719.8 | 18719.8 | 18719.8 | 18719.8 | 18719.8 
InterfModel=1 67 | 18719.1 | 18719.8 | 18719.8 | 18719.8 | 18719.8 | 18719.8 
InterfModel=1 68 | 18719.1 | 18719.8 | 18719.8 | 18719.8 | 18719.8 | 18719.8 
InterfModel=1 69 | 18719.1 | 18719.8 | 18719.8 | 18719.8 | 18719.8 | 18719.8 
InterfModel=1 70 | 18719.1 | 18719.8 | 18719.8 | 18719.8 | 18719.8 | 18719.8 
InterfModel=1 71 | 18719.1 | 18719.8 | 18719.8 | 18719.8 | 18719.8 | 18719.8 
InterfModel=1 72 | 18719.1 | 18719.8 | 18719.8 | 18719.8 | 18719.8 | 18719.8 
InterfModel=1 73 | 18719.1 | 18719.8 | 18719.8 | 18719.8 | 18719.8 | 18719.8 
InterfModel=1 74 | 18719.1 | 18719.8 | 18719.8 | 18719.8 | 18719.8 | 18719.8 
InterfModel=1 75 | 18719.1 | 18719.8 | 18719.8 | 18719.8 | 18719.8 | 18719.8 
InterfModel=1 76 | 18719.1 | 18719.8 | 18719.8 | 18719.8 | 18719.8 | 18719.8 
InterfModel=1 77 | 18719.1 | 18719.8 | 18719.8 | 18719.8 | 18719.8 | 18719.8 
InterfModel=1 78 | 18719.1 | 18719.8 | 18719.8 | 18719.8 | 18719.8 | 18719.8 
InterfModel=1 79 | 18719.1 | 18719.8 | 18719.8 | 18719.8 | 18719.8 | 18719.8 
InterfModel=1 80 | 18719.1 | 18719.8 | 18719.8 | 18719.8 | 18719.8 | 18719.8 
InterfModel=1 81 | 18719.1 | 18719.8 | 18719.8 | 18719.8 | 18719.8 | 18719.8 
InterfModel=1 82 | 18719.1 | 18719.8 | 18719.8 | 18719.8 | 18719.8 | 18719.8 
InterfModel=1 83 | 18719.1 | 18719.8 | 18719.8 | 18719.8 | 18719.8 | 18719.8 
InterfModel=1 84 | 18719.1 | 18719.8 | 18719.8 | 18719.8 | 18719.8 | 18719.8 
InterfModel=1 85 | 18719.1 | 18719.8 | 18719.8 | 18719.8 | 18719.8 | 18719.8 
InterfModel=1 86 | 18719.1 | 18719.8 | 18719.8 | 18719.8 | 18719.8 | 18719.8 
InterfModel=1 87 | 18719.1 | 18719.8 | 18719.8 | 18719.8 | 18719.8 | 18719.8 
InterfModel=1 88 | 18719.1 | 18719.8 | 18719.8 | 18719.8 | 18719.8 | 18719.8 
InterfModel=1 89 | 18719.1 | 18719.8 | 18719.8 | 18719.8 | 18719.8 | 18719.8 
InterfModel=1 90 | 18719.1 | 18719.8 | 18719.8 | 18719.8 | 18719.8 | 18719.8 
InterfModel=1 91 | 18719.1 | 18719.8 | 18719.8 | 18719.8 | 18719.8 | 18719.8 
InterfModel=1 92 | 18719.1 | 18719.8 | 18719.8 | 18719.8 | 18719.8 | 18719.8 
InterfModel=1 93 | 18719.1 | 18719.8 | 18719.8 | 18719.8 | 18719.8 | 18719.8 
InterfModel=1 94 | 18719.1 | 18719.8 | 18719.8 | 18719.8 | 18719.8 | 18719.8 
InterfModel=1 95 | 18719.1 | 18719.8 | 18719.8 | 18719.8 | 18719.8 | 18719.8 
InterfModel=1 96 | 18719.1 | 18719.8 | 18719.8 | 18719.8 | 18719.8 | 18719.8 
InterfModel=1 97 | 18719.1 | 18719.8 | 18719.8 | 18719.8 | 18719.8 | 18719.8 
InterfModel=1 98 | 18719.1 | 18719.8 | 18719.8 | 18719.8 | 18719.8 | 18719.8 
InterfModel=1 99 | 18719.1 | 18719.8 | 18719.8 | 18719.8 | 18719.8 | 18719.8 
InterfModel=2 0 | 18719.1 | 18719.8 | 18719.8 | 18719.8 | 18719.8 | 18719.8 
InterfModel=2 1 | 18719.1 | 18719.8 | 18719.8 | 18719.8 | 18719.8 | 18719.8 
InterfModel=2 2 | 18719.1 | 18719.8 | 18719.8 | 18719.8 | 18719.8 | 18719.8 
InterfModel=2 3 | 18719.1 | 18719.8 | 18719.8 | 18719.8 | 18719.8 | 18719.8 
InterfModel=2 4 | 18719.1 | 18719.8 | 18719.8 | 18719.8 | 18719.8 | 18719.8 
InterfModel=2 5 | 18719.1 | 18719.8 | 18719.8 | 18719.8 | 18719.8 | 18719.8 
InterfModel=2 6 | 18719.1 | 18719.8 | 18719.8 | 18719.8 | 18719.8 | 18719.8 
InterfModel=2 7 | 18719.1 | 18719.8 | 18719.8 | 18719.8 | 18719.8 | 18719.8 
InterfModel=2 8 | 18719.1 | 18719.8 | 18719.8 | 18719.8 | 18719.8 | 18719.8 
InterfModel=2 9 | 18719.1 | 18719.8 | 18719.8 | 18719.8 | 18719.8 | 18719.8 
InterfModel=2 10 | 18719.1 | 18719.8 | 18719.8 | 18719.8 | 18719.8 | 18719.8 
InterfModel=2 11 | 18719.1 | 18719.8 | 18719.8 | 18719.8 | 18719.8 | 18719.8 
InterfModel=2 12 | 18719.1 | 18719.8 | 18719.8 | 18719.8 | 18719.8 | 18719.8 
InterfModel=2 13 | 18719.1 | 18719.8 | 18719.8 | 18719.8 | 18719.8 | 18719.8 
InterfModel=2 14 | 18719.1 | 18719.8 | 18719.8 | 18719.8 | 18719.8 | 18719.8 
InterfModel=2 15 | 18719.1 | 18719.8 | 18719.8 | 18719.8 | 18719.8 | 18719.8 
InterfModel=2 16 | 18719.1 | 18719.8 | 18719.8 | 18719.8 | 18719.8 | 18719.8 
InterfModel=2 17 | 18719.1 | 18719.8 | 18719.8 | 18719.8 | 18719.8 | 18719.8 
InterfModel=2 18 | 18719.1 | 18719.8 | 18719.8 | 18719.8 | 18719.8 | 18719.8 
InterfModel=2 19 | 18719.1 | 18719.8 | 18719.8 | 18719.8 | 18719.8 | 18719.8 
InterfModel=2 20 | 18719.1 | 18719.8 | 18719.8 | 18719.8 | 18719.8 | 18719.8 
InterfModel=2 21 | 18719.1 | 18719.8 | 18719.8 | 18719.8 | 18719.8 | 18719.8 
InterfModel=2 22 | 18719.1 | 18719.8 | 18719.8 | 18719.8 | 18719.8 | 18719.8 
InterfModel=2 23 | 18719.1 | 18719.8 | 18719.8 | 18719.8 | 18719.8 | 18719.8 
InterfModel=2 24 | 18719.1 | 18719.8 | 18719.8 | 18719.8 | 18719.8 | 18719.8 
InterfModel=2 25 | 18719.1 | 18719.8 | 18719.8 | 18719.8 | 18719.8 | 18719.8 
InterfModel=2 26 | 18719.1 | 18719.8 | 18719.8 | 18719.8 | 18719.8 | 18719.8 
InterfModel=2 27 | 18719.1 | 18719.8 | 18719.8 | 18719.8 | 18719.8 | 18719.8 
InterfModel=2 28 | 18719.1 | 18719.8 | 18719.8 | 18719.8 | 18719.8 | 18719.8 
InterfModel=2 29 | 18719.1 | 18719.8 | 18719.8 | 18719.8 | 18719.8 | 18719.8 
InterfModel=2 30 | 18719.1 | 18719.8 | 18719.8 | 18719.8 | 18719.8 | 18719.8 
InterfModel=2 31 | 18719.1 | 18719.8 | 18719.8 | 18719.8 | 18719.8 | 18719.8 
InterfModel=2 32 | 18719.1 | 18719.8 | 18719.8 | 18719.8 | 18719.8 | 18719.8 
InterfModel=2 33 | 18719.1 | 18719.8 | 18719.8 | 18719.8 | 18719.8 | 18719.8 
InterfModel=2 34 | 18719.1 | 18719.8 | 18719.8 | 18719.8 | 18719.8 | 18719.8 
InterfModel=2 35 | 18719.1 | 18719.8 | 18719.8 | 18719.8 | 18719.8 | 18719.8 
InterfModel=2 36 | 18719.1 | 18719.8 | 18719.8 | 18719.8 | 18719.8 | 18719.8 
InterfModel=2 37 | 18719.1 | 18719.8 | 18719.8 | 18719.8 | 18719.8 | 18719.8 
InterfModel=2 38 | 18719.1 | 18719.8 | 18719.8 | 18719.8 | 18719.8 | 18719.8 
InterfModel=2 39 | 18719.1 | 18719.8 | 18719.8 | 18719.8 | 18719.8 | 18719.8 
InterfModel=2 40 | 18719.1 | 18719.8 | 18719.8 | 18719.8 | 18719.8 | 18719.8 
InterfModel=2 41 | 18719.1 | 18719.8 | 18719.8 | 18719.8 | 18719.8 | 18719.8 
InterfModel=2 42 | 18719.1 | 18719.8 | 18719.8 | 18719.8 | 18719.8 | 18719.8 
InterfModel=2 43 | 18719.1 | 18719.8 | 18719.8 | 18719.8 | 18719.8 | 18719.8 
InterfModel=2 44 | 18719.1 | 18719.8 | 18719.8 | 18719.8 | 18719.8 | 18719.8 
InterfModel=2 45 | 18719.1 | 18719.8 | 18719.8 | 18719.8 | 18719.8 | 18719.8 
InterfModel=2 46 | 18719.1 | 18719.8 | 18719.8 | 18719.8 | 18719.8 | 18719.8 
InterfModel=2 47 | 18719.1 | 18719.8 | 18719.8 | 18719.8 | 18719.8 | 18719.8 
InterfModel=2 48 | 18719.1 | 18719.8 | 18719.8 | 18719.8 | 18719.8 | 18719.8 
InterfModel=2 49 | 18719.1 | 18719.8 | 18719.8 | 18719.8 | 18719.8 | 18719.8 
InterfModel=2 50 | 18719.1 | 18719.8 | 18719.8 | 18719.8 | 18719.8 | 18719.8 
InterfModel=2 51 | 18719.1 | 18719.8 | 18719.8 | 18719.8 | 18719.8 | 18719.8 
InterfModel=2 52 | 18719.1 | 18719.8 | 18719.8 | 18719.8 | 18719.8 | 18719.8 
InterfModel=2 53 | 18719.1 | 18719.8 | 18719.8 | 18719.8 | 18719.8 | 18719.8 
InterfModel=2 54 | 18719.1 | 18719.8 | 18719.8 | 18719.8 | 18719.8 | 18719.8 
InterfModel=2 55 | 18719.1 | 18719.8 | 18719.8 | 18719.8 | 18719.8 | 18719.8 
InterfModel=2 56 | 18719.1 | 18719.8 | 18719.8 | 18719.8 | 18719.8 | 18719.8 
InterfModel=2 57 | 18719.1 | 18719.8 | 18719.8 | 18719.8 | 18719.8 | 18719.8 
InterfModel=2 58 | 18719.1 | 18719.8 | 18719.8 | 18719.8 | 18719.8 | 18719.8 
InterfModel=2 59 | 18719.1 | 18719.8 | 18719.8 | 18719.8 | 18719.8 | 18719.8 
InterfModel=2 60 | 18719.1 | 18719.8 | 18719.8 | 18719.8 | 18719.8 | 18719.8 
InterfModel=2 61 | 18719.1 | 18719.8 | 18719.8 | 18719.8 | 18719.8 | 18719.8 
InterfModel=2 62 | 18719.1 | 18719.8 | 18719.8 | 18719.8 | 18719.8 | 18719.8 
InterfModel=2 63 | 18719.1 | 18719.8 | 18719.8 | 18719.8 | 18719.8 | 18719.8 
InterfModel=2 64 | 18719.1 | 18719.8 | 18719.8 | 18719.8 | 18719.8 | 18719.8 
InterfModel=2 65 | 18719.1 | 18719.8 | 18719.8 | 18719.8 | 18719.8 | 18719.8 
InterfModel=2 66 | 18719.1 | 18719.8 | 18719.8 | 18719.8 | 18719.8 | 18719.8 
InterfModel=2 67 | 18719.1 | 18719.8 | 18719.8 | 18719.8 | 18719.8 | 18719.8 
InterfModel=2 68 | 18719.1 | 18719.8 | 18719.8 | 18719.8 | 18719.8 | 18719.8 
InterfModel=2 69 | 18719.1 | 18719.8 | 18719.8 | 18719.8 | 18719.8 | 18719.8 
InterfModel=2 70 | 18719.1 | 18719.8 | 18719.8 | 18719.8 | 18719.8 | 18719.8 
InterfModel=2 71 | 18719.1 | 18719.8 | 18719.8 | 18719.8 | 18719.8 | 18719.8 
InterfModel=2 72 | 18719.1 | 18719.8 | 18719.8 | 18719.8 | 18719.8 | 18719.8 
InterfModel=2 73 | 18719.1 | 18719.8 | 18719.8 | 18719.8 | 18719.8 | 18719.8 
InterfModel=2 74 | 18719.1 | 18719.8 | 18719.8 | 18719.8 | 18719.8 | 18719.8 
InterfModel=2 75 | 18719.1 | 18719.8 | 18719.8 | 18719.8 | 18719.8 | 18719.8 
InterfModel=2 76 | 18719.1 | 18719.8 | 18719.8 | 18719.8 | 18719.8 | 18719.8 
InterfModel=2 77 | 18719.1 | 18719.8 | 18719.8 | 18719.8 | 18719.8 | 18719.8 
InterfModel=2 78 | 18719.1 | 18719.8 | 18719.8 | 18719.8 | 18719.8 | 18719.8 
InterfModel=2 79 | 18719.1 | 18719.8 | 18719.8 | 18719.8 | 18719.8 | 18719.8 
InterfModel=2 80 | 18719.1 | 18719.8 | 18719.8 | 18719.8 | 18719.8 | 18719.8 
InterfModel=2 81 | 18719.1 | 18719.8 | 18719.8 | 18719.8 | 18719.8 | 18719.8 
InterfModel=2 82 | 18719.1 | 18719.8 | 18719.8 | 18719.8 | 18719.8 | 18719.8 
InterfModel=2 83 | 18719.1 | 18719.8 | 18719.8 | 18719.8 | 18719.8 | 18719.8 
InterfModel=2 84 | 18719.1 | 18719.8 | 18719.8 | 18719.8 | 18719.8 | 18719.8 
InterfModel=2 85 | 18719.1 | 18719.8 | 18719.8 | 18719.8 | 18719.8 | 18719.8 
InterfModel=2 86 | 18719.1 | 18719.8 | 18719.8 | 18719.8 | 18719.8 | 18719.8 
InterfModel=2 87 | 18719.1 | 18719.8 | 18719.8 | 18719.8 | 18719.8 | 18719.8 
InterfModel=2 88 | 18719.1 | 18719.8 | 18719.8 | 18719.8 | 18719.8 | 18719.8 
InterfModel=2 89 | 18719.1 | 18719.8 | 18719.8 | 18719.8 | 18719.8 | 18719.8 
InterfModel=2 90 | 18719.1 | 18719.8 | 18719.8 | 18719.8 | 18719.8 | 18719.8 
InterfModel=2 91 | 18719.1 | 18719.8 | 18719.8 | 18719.8 | 18719.8 | 18719.8 
InterfModel=2 92 | 18719.1 | 18719.8 | 18719.8 | 18719.8 | 18719.8 | 18719.8 
InterfModel=2 93 | 18719.1 | 18719.8 | 18719.8 | 18719.8 | 18719.8 | 18719.8 
InterfModel=2 94 | 18719.1 | 18719.8 | 18719.8 | 18719.8 | 18719.8 | 18719.8 
InterfModel=2 95 | 18719.1 | 18719.8 | 18719.8 | 18719.8 | 18719.8 | 18719.8 
InterfModel=2 96 | 18719.1 | 18719.8 | 18719.8 | 18719.8 | 18719.8 | 18719.8 
InterfModel=2 97 | 18719.1 | 18719.8 | 18719.8 | 18719.8 | 18719.8 | 18719.8 
InterfModel=2 98 | 18719.1 | 18719.8 | 18719.8 | 18719.8 | 18719.8 | 18719.8 
InterfModel=2 99 | 18719.1 | 18719.8 | 18719.8 | 18719.8 | 18719.8 | 18719.8 

