CastaliaResults -i saida.txt -s Packets reception rate -n --all -o2                                                                    

Application:Packets reception rate - total
 | index=1 | index=2 | index=3 | index=4 | index=5
InterfModel=0 | 0.928 | 0.983 | 0.898 | 0.763 | 0.779 
InterfModel=1 | 0.838 | 0.887 | 0.622 | 0.612 | 0.595 
InterfModel=2 | 0.855 | 0.962 | 0.672 | 0.727 | 0.793 
Application:Packets reception rate - all values
 | index=1 | index=2 | index=3 | index=4 | index=5
InterfModel=0 0 | 0.931977 | 0.97966 | 0.884863 | 0.755701 | 0.792372 
InterfModel=0 1 | 0.928976 | 0.984662 | 0.8982 | 0.766102 | 0.786638 
InterfModel=0 2 | 0.930977 | 0.97966 | 0.917315 | 0.762667 | 0.77757 
InterfModel=0 3 | 0.916639 | 0.983661 | 0.910425 | 0.764235 | 0.765302 
InterfModel=0 4 | 0.925308 | 0.982661 | 0.903312 | 0.755668 | 0.784876 
InterfModel=0 5 | 0.924975 | 0.982994 | 0.89731 | 0.77157 | 0.773673 
InterfModel=0 6 | 0.925975 | 0.984995 | 0.88553 | 0.752367 | 0.793172 
InterfModel=0 7 | 0.930977 | 0.984995 | 0.897755 | 0.765035 | 0.781171 
InterfModel=0 8 | 0.924642 | 0.985328 | 0.903312 | 0.751967 | 0.769169 
InterfModel=0 9 | 0.933645 | 0.982994 | 0.886864 | 0.760101 | 0.776904 
InterfModel=0 10 | 0.926642 | 0.986 | 0.908424 | 0.76167 | 0.779571 
InterfModel=0 11 | 0.933645 | 0.980994 | 0.906646 | 0.751967 | 0.776637 
InterfModel=0 12 | 0.926309 | 0.985328 | 0.887753 | 0.767836 | 0.77757 
InterfModel=0 13 | 0.92064 | 0.985662 | 0.885752 | 0.7521 | 0.794612 
InterfModel=0 14 | 0.93131 | 0.979326 | 0.891531 | 0.767569 | 0.776504 
InterfModel=0 15 | 0.922667 | 0.980327 | 0.877084 | 0.759568 | 0.786505 
InterfModel=0 16 | 0.932644 | 0.982327 | 0.90509 | 0.763137 | 0.776237 
InterfModel=0 17 | 0.919306 | 0.97866 | 0.900645 | 0.763804 | 0.775037 
InterfModel=0 18 | 0.932311 | 0.985328 | 0.90707 | 0.771836 | 0.791039 
InterfModel=0 19 | 0.926333 | 0.983995 | 0.901089 | 0.781704 | 0.767036 
InterfModel=0 20 | 0.935312 | 0.981994 | 0.895755 | 0.750734 | 0.80344 
InterfModel=0 21 | 0.928643 | 0.987996 | 0.887333 | 0.755135 | 0.777407 
InterfModel=0 22 | 0.922307 | 0.982 | 0.913759 | 0.7392 | 0.786876 
InterfModel=0 23 | 0.93031 | 0.983995 | 0.914648 | 0.766102 | 0.783409 
InterfModel=0 24 | 0.93131 | 0.982661 | 0.902867 | 0.760635 | 0.770636 
InterfModel=0 25 | 0.923641 | 0.986329 | 0.917759 | 0.7509 | 0.786238 
InterfModel=0 26 | 0.929643 | 0.980327 | 0.904646 | 0.781838 | 0.767836 
InterfModel=0 27 | 0.928643 | 0.984 | 0.905979 | 0.779837 | 0.756901 
InterfModel=0 28 | 0.928333 | 0.975992 | 0.898866 | 0.746332 | 0.780237 
InterfModel=0 29 | 0.935312 | 0.984328 | 0.915314 | 0.778104 | 0.765835 
InterfModel=0 30 | 0.924642 | 0.988329 | 0.896421 | 0.762 | 0.768903 
InterfModel=0 31 | 0.915305 | 0.981994 | 0.8982 | 0.771036 | 0.767836 
InterfModel=0 32 | 0.925975 | 0.984662 | 0.899755 | 0.778341 | 0.770236 
InterfModel=0 33 | 0.916305 | 0.986996 | 0.882863 | 0.762502 | 0.774103 
InterfModel=0 34 | 0.92931 | 0.987663 | 0.875528 | 0.765569 | 0.792506 
InterfModel=0 35 | 0.926642 | 0.97966 | 0.888642 | 0.754634 | 0.77437 
InterfModel=0 36 | 0.916333 | 0.980327 | 0.88064 | 0.765835 | 0.765538 
InterfModel=0 37 | 0.928643 | 0.984995 | 0.912647 | 0.779571 | 0.779171 
InterfModel=0 38 | 0.935645 | 0.985662 | 0.880418 | 0.753333 | 0.814375 
InterfModel=0 39 | 0.925642 | 0.981661 | 0.899533 | 0.776904 | 0.77477 
InterfModel=0 40 | 0.925975 | 0.986329 | 0.887975 | 0.739067 | 0.800347 
InterfModel=0 41 | 0.924308 | 0.983661 | 0.897088 | 0.759035 | 0.790077 
InterfModel=0 42 | 0.934978 | 0.982661 | 0.90509 | 0.768369 | 0.763435 
InterfModel=0 43 | 0.933311 | 0.984667 | 0.901756 | 0.7764 | 0.77837 
InterfModel=0 44 | 0.937646 | 0.98066 | 0.893556 | 0.751134 | 0.792106 
InterfModel=0 45 | 0.928976 | 0.984328 | 0.89331 | 0.766902 | 0.776637 
InterfModel=0 46 | 0.931977 | 0.979993 | 0.887531 | 0.770236 | 0.77357 
InterfModel=0 47 | 0.928976 | 0.984328 | 0.858413 | 0.763702 | 0.757168 
InterfModel=0 48 | 0.926976 | 0.983333 | 0.906868 | 0.761136 | 0.765938 
InterfModel=0 49 | 0.939647 | 0.982661 | 0.911758 | 0.768903 | 0.77317 
InterfModel=0 50 | 0.939313 | 0.980327 | 0.912203 | 0.748333 | 0.798213 
InterfModel=0 51 | 0.932311 | 0.988329 | 0.878195 | 0.764337 | 0.77434 
InterfModel=0 52 | 0.937646 | 0.984995 | 0.902667 | 0.751167 | 0.783571 
InterfModel=0 53 | 0.934667 | 0.979326 | 0.895755 | 0.758768 | 0.783304 
InterfModel=0 54 | 0.928643 | 0.982661 | 0.893087 | 0.755701 | 0.777304 
InterfModel=0 55 | 0.917306 | 0.981994 | 0.885086 | 0.748233 | 0.772503 
InterfModel=0 56 | 0.932978 | 0.981327 | 0.900422 | 0.761968 | 0.787867 
InterfModel=0 57 | 0.91964 | 0.976325 | 0.861525 | 0.766636 | 0.782504 
InterfModel=0 58 | 0.929643 | 0.982327 | 0.892444 | 0.761835 | 0.788638 
InterfModel=0 59 | 0.936646 | 0.983328 | 0.897533 | 0.768502 | 0.792078 
InterfModel=0 60 | 0.934311 | 0.983661 | 0.889086 | 0.77557 | 0.783438 
InterfModel=0 61 | 0.929643 | 0.982994 | 0.919315 | 0.765702 | 0.777541 
InterfModel=0 62 | 0.936312 | 0.984995 | 0.898644 | 0.783038 | 0.772636 
InterfModel=0 63 | 0.932667 | 0.983661 | 0.873778 | 0.7469 | 0.804374 
InterfModel=0 64 | 0.920307 | 0.979993 | 0.904201 | 0.772103 | 0.756501 
InterfModel=0 65 | 0.932644 | 0.981327 | 0.907313 | 0.7708 | 0.777304 
InterfModel=0 66 | 0.936979 | 0.985328 | 0.917778 | 0.790239 | 0.7529 
InterfModel=0 67 | 0.92931 | 0.982661 | 0.884863 | 0.771836 | 0.778104 
InterfModel=0 68 | 0.934978 | 0.986329 | 0.887086 | 0.757434 | 0.790744 
InterfModel=0 69 | 0.926309 | 0.983328 | 0.910425 | 0.749967 | 0.783304 
InterfModel=0 70 | 0.925975 | 0.985995 | 0.901978 | 0.760069 | 0.771169 
InterfModel=0 71 | 0.926309 | 0.985995 | 0.882418 | 0.761968 | 0.787305 
InterfModel=0 72 | 0.925642 | 0.982994 | 0.904646 | 0.7784 | 0.766636 
InterfModel=0 73 | 0.924975 | 0.984328 | 0.904201 | 0.758133 | 0.778474 
InterfModel=0 74 | 0.926976 | 0.985662 | 0.890865 | 0.759035 | 0.788077 
InterfModel=0 75 | 0.926642 | 0.981333 | 0.898644 | 0.77317 | 0.776103 
InterfModel=0 76 | 0.928309 | 0.983661 | 0.904423 | 0.772236 | 0.771436 
InterfModel=0 77 | 0.924975 | 0.981667 | 0.88842 | 0.781037 | 0.776 
InterfModel=0 78 | 0.923641 | 0.981661 | 0.896222 | 0.778771 | 0.7668 
InterfModel=0 79 | 0.921641 | 0.984662 | 0.901311 | 0.763435 | 0.77677 
InterfModel=0 80 | 0.920307 | 0.984328 | 0.915759 | 0.785571 | 0.753967 
InterfModel=0 81 | 0.924975 | 0.987663 | 0.892865 | 0.768636 | 0.790772 
InterfModel=0 82 | 0.932 | 0.987329 | 0.895532 | 0.746866 | 0.793439 
InterfModel=0 83 | 0.93031 | 0.980994 | 0.903979 | 0.762337 | 0.774503 
InterfModel=0 84 | 0.934333 | 0.984328 | 0.909313 | 0.750233 | 0.793172 
InterfModel=0 85 | 0.92064 | 0.981 | 0.910869 | 0.77277 | 0.769272 
InterfModel=0 86 | 0.923641 | 0.985662 | 0.855079 | 0.743333 | 0.800507 
InterfModel=0 87 | 0.933645 | 0.985333 | 0.895532 | 0.747133 | 0.77437 
InterfModel=0 88 | 0.935979 | 0.983661 | 0.913314 | 0.763568 | 0.769138 
InterfModel=0 89 | 0.936979 | 0.979993 | 0.885556 | 0.7496 | 0.7836 
InterfModel=0 90 | 0.926976 | 0.981994 | 0.917759 | 0.761702 | 0.776904 
InterfModel=0 91 | 0.929643 | 0.982327 | 0.893754 | 0.766338 | 0.776103 
InterfModel=0 92 | 0.924308 | 0.986 | 0.906868 | 0.768369 | 0.759168 
InterfModel=0 93 | 0.933645 | 0.981661 | 0.890865 | 0.755668 | 0.789039 
InterfModel=0 94 | 0.921641 | 0.979993 | 0.90998 | 0.776103 | 0.770769 
InterfModel=0 95 | 0.926309 | 0.980327 | 0.899089 | 0.778771 | 0.770236 
InterfModel=0 96 | 0.928 | 0.987996 | 0.906646 | 0.769036 | 0.762235 
InterfModel=0 97 | 0.91864 | 0.981994 | 0.900645 | 0.756634 | 0.795973 
InterfModel=0 98 | 0.92 | 0.980667 | 0.893976 | 0.754335 | 0.78861 
InterfModel=0 99 | 0.934978 | 0.982661 | 0.901311 | 0.754767 | 0.781675 
InterfModel=1 0 | 0.853618 | 0.886295 | 0.62036 | 0.617949 | 0.604428 
InterfModel=1 1 | 0.831611 | 0.887629 | 0.586797 | 0.592158 | 0.595492 
InterfModel=1 2 | 0.83 | 0.879293 | 0.589909 | 0.621016 | 0.592746 
InterfModel=1 3 | 0.834945 | 0.892964 | 0.5988 | 0.625633 | 0.599813 
InterfModel=1 4 | 0.838 | 0.895 | 0.629473 | 0.606881 | 0.597359 
InterfModel=1 5 | 0.841947 | 0.897633 | 0.583908 | 0.622566 | 0.593813 
InterfModel=1 6 | 0.829276 | 0.887333 | 0.627917 | 0.602667 | 0.593546 
InterfModel=1 7 | 0.851284 | 0.888296 | 0.643699 | 0.610081 | 0.586878 
InterfModel=1 8 | 0.843948 | 0.889296 | 0.604801 | 0.60136 | 0.613415 
InterfModel=1 9 | 0.845949 | 0.892964 | 0.647033 | 0.625817 | 0.577144 
InterfModel=1 10 | 0.838946 | 0.886962 | 0.620805 | 0.610963 | 0.57461 
InterfModel=1 11 | 0.832277 | 0.884628 | 0.626806 | 0.620699 | 0.580877 
InterfModel=1 12 | 0.842281 | 0.88963 | 0.638364 | 0.608748 | 0.605681 
InterfModel=1 13 | 0.827276 | 0.887963 | 0.592576 | 0.614297 | 0.598213 
InterfModel=1 14 | 0.849617 | 0.894965 | 0.597244 | 0.616482 | 0.613282 
InterfModel=1 15 | 0.850617 | 0.9013 | 0.627695 | 0.59968 | 0.59888 
InterfModel=1 16 | 0.846616 | 0.874958 | 0.603023 | 0.609148 | 0.602961 
InterfModel=1 17 | 0.854952 | 0.890964 | 0.645699 | 0.614082 | 0.595946 
InterfModel=1 18 | 0.827276 | 0.883294 | 0.605023 | 0.606214 | 0.59928 
InterfModel=1 19 | 0.834945 | 0.882961 | 0.629695 | 0.617098 | 0.579621 
InterfModel=1 20 | 0.843948 | 0.876 | 0.587242 | 0.614482 | 0.605014 
InterfModel=1 21 | 0.842948 | 0.9013 | 0.643032 | 0.609229 | 0.602214 
InterfModel=1 22 | 0.846616 | 0.883961 | 0.635333 | 0.621416 | 0.589733 
InterfModel=1 23 | 0.835945 | 0.888296 | 0.595688 | 0.613548 | 0.594613 
InterfModel=1 24 | 0.834945 | 0.885295 | 0.619693 | 0.612748 | 0.589012 
InterfModel=1 25 | 0.831944 | 0.883628 | 0.61836 | 0.617149 | 0.597626 
InterfModel=1 26 | 0.834612 | 0.899633 | 0.611247 | 0.617149 | 0.603147 
InterfModel=1 27 | 0.852284 | 0.88863 | 0.587686 | 0.62315 | 0.6016 
InterfModel=1 28 | 0.838279 | 0.879293 | 0.632585 | 0.59728 | 0.613764 
InterfModel=1 29 | 0.83928 | 0.891297 | 0.632363 | 0.619949 | 0.597546 
InterfModel=1 30 | 0.833611 | 0.876 | 0.636141 | 0.602561 | 0.593412 
InterfModel=1 31 | 0.843 | 0.881961 | 0.642143 | 0.612882 | 0.609096 
InterfModel=1 32 | 0.821274 | 0.875625 | 0.63503 | 0.612615 | 0.590933 
InterfModel=1 33 | 0.825942 | 0.893631 | 0.635697 | 0.612215 | 0.608348 
InterfModel=1 34 | 0.839947 | 0.887629 | 0.604357 | 0.628884 | 0.598213 
InterfModel=1 35 | 0.848616 | 0.882628 | 0.60858 | 0.619098 | 0.583544 
InterfModel=1 36 | 0.817272 | 0.879293 | 0.599911 | 0.60088 | 0.596079 
InterfModel=1 37 | 0.827276 | 0.893965 | 0.648811 | 0.608214 | 0.5992 
InterfModel=1 38 | 0.830944 | 0.891631 | 0.610358 | 0.602427 | 0.588212 
InterfModel=1 39 | 0.850283 | 0.879293 | 0.619471 | 0.608481 | 0.599467 
InterfModel=1 40 | 0.832611 | 0.887629 | 0.624889 | 0.617549 | 0.599013 
InterfModel=1 41 | 0.835945 | 0.889296 | 0.635333 | 0.605281 | 0.596613 
InterfModel=1 42 | 0.842281 | 0.884628 | 0.608802 | 0.6192 | 0.600027 
InterfModel=1 43 | 0.857286 | 0.885295 | 0.628584 | 0.612748 | 0.596213 
InterfModel=1 44 | 0.835612 | 0.884962 | 0.619471 | 0.611282 | 0.59848 
InterfModel=1 45 | 0.825609 | 0.892631 | 0.615248 | 0.616031 | 0.605147 
InterfModel=1 46 | 0.840614 | 0.897633 | 0.636141 | 0.620483 | 0.592958 
InterfModel=1 47 | 0.839613 | 0.882961 | 0.660222 | 0.611496 | 0.583944 
InterfModel=1 48 | 0.839947 | 0.880627 | 0.627028 | 0.612615 | 0.599547 
InterfModel=1 49 | 0.835 | 0.881294 | 0.624139 | 0.597146 | 0.594613 
InterfModel=1 50 | 0.836612 | 0.874333 | 0.608667 | 0.60088 | 0.600613 
InterfModel=1 51 | 0.840947 | 0.902333 | 0.630807 | 0.59728 | 0.593946 
InterfModel=1 52 | 0.844615 | 0.886295 | 0.632363 | 0.622616 | 0.603814 
InterfModel=1 53 | 0.843948 | 0.891964 | 0.643111 | 0.596079 | 0.596079 
InterfModel=1 54 | 0.843281 | 0.891297 | 0.631111 | 0.62475 | 0.592 
InterfModel=1 55 | 0.837613 | 0.886667 | 0.615692 | 0.606748 | 0.57501 
InterfModel=1 56 | 0.845615 | 0.878293 | 0.621471 | 0.601013 | 0.588612 
InterfModel=1 57 | 0.836279 | 0.875959 | 0.624361 | 0.616031 | 0.581944 
InterfModel=1 58 | 0.839947 | 0.892631 | 0.637475 | 0.613015 | 0.597493 
InterfModel=1 59 | 0.824608 | 0.886629 | 0.60569 | 0.609629 | 0.591146 
InterfModel=1 60 | 0.844615 | 0.886629 | 0.640587 | 0.635151 | 0.573143 
InterfModel=1 61 | 0.852951 | 0.887296 | 0.618667 | 0.611682 | 0.593546 
InterfModel=1 62 | 0.832944 | 0.88863 | 0.618582 | 0.598267 | 0.595813 
InterfModel=1 63 | 0.844948 | 0.9013 | 0.645921 | 0.61123 | 0.608162 
InterfModel=1 64 | 0.833278 | 0.897299 | 0.61347 | 0.616082 | 0.592479 
InterfModel=1 65 | 0.825609 | 0.879627 | 0.648144 | 0.599947 | 0.587012 
InterfModel=1 66 | 0.829667 | 0.883961 | 0.613025 | 0.612615 | 0.594879 
InterfModel=1 67 | 0.835945 | 0.877292 | 0.624444 | 0.612748 | 0.586078 
InterfModel=1 68 | 0.827609 | 0.890297 | 0.664592 | 0.605895 | 0.597546 
InterfModel=1 69 | 0.815272 | 0.891333 | 0.610358 | 0.616482 | 0.597946 
InterfModel=1 70 | 0.838279 | 0.887333 | 0.63792 | 0.618698 | 0.583678 
InterfModel=1 71 | 0.83061 | 0.872958 | 0.596799 | 0.612215 | 0.594479 
InterfModel=1 72 | 0.860954 | 0.875959 | 0.587464 | 0.617416 | 0.594879 
InterfModel=1 73 | 0.843948 | 0.890964 | 0.627028 | 0.620483 | 0.587623 
InterfModel=1 74 | 0.845949 | 0.893298 | 0.603023 | 0.6112 | 0.6012 
InterfModel=1 75 | 0.844948 | 0.89063 | 0.635333 | 0.628084 | 0.59976 
InterfModel=1 76 | 0.846949 | 0.886295 | 0.635252 | 0.611496 | 0.593546 
InterfModel=1 77 | 0.832611 | 0.883333 | 0.602356 | 0.608214 | 0.60208 
InterfModel=1 78 | 0.849283 | 0.882294 | 0.641698 | 0.607014 | 0.604214 
InterfModel=1 79 | 0.83061 | 0.896632 | 0.629695 | 0.621816 | 0.581811 
InterfModel=1 80 | 0.823941 | 0.897299 | 0.637394 | 0.601947 | 0.615282 
InterfModel=1 81 | 0.841947 | 0.893 | 0.638809 | 0.628834 | 0.595146 
InterfModel=1 82 | 0.834945 | 0.880627 | 0.627028 | 0.602133 | 0.580822 
InterfModel=1 83 | 0.840614 | 0.886629 | 0.621333 | 0.616349 | 0.592079 
InterfModel=1 84 | 0.834945 | 0.890964 | 0.623916 | 0.610296 | 0.60288 
InterfModel=1 85 | 0.841 | 0.882294 | 0.621471 | 0.602747 | 0.595546 
InterfModel=1 86 | 0.845615 | 0.877626 | 0.635919 | 0.620616 | 0.585945 
InterfModel=1 87 | 0.848616 | 0.887296 | 0.671409 | 0.622566 | 0.585411 
InterfModel=1 88 | 0.833945 | 0.88863 | 0.611247 | 0.624083 | 0.591546 
InterfModel=1 89 | 0.825609 | 0.891297 | 0.620805 | 0.607067 | 0.595892 
InterfModel=1 90 | 0.82961 | 0.884962 | 0.605468 | 0.607814 | 0.594692 
InterfModel=1 91 | 0.838279 | 0.886295 | 0.58902 | 0.609148 | 0.606295 
InterfModel=1 92 | 0.842614 | 0.883294 | 0.599689 | 0.611148 | 0.594213 
InterfModel=1 93 | 0.851617 | 0.893667 | 0.610358 | 0.607895 | 0.596079 
InterfModel=1 94 | 0.840614 | 0.883961 | 0.62036 | 0.612348 | 0.586478 
InterfModel=1 95 | 0.834612 | 0.88863 | 0.625556 | 0.612963 | 0.608481 
InterfModel=1 96 | 0.835667 | 0.892964 | 0.638586 | 0.59936 | 0.608081 
InterfModel=1 97 | 0.838946 | 0.892297 | 0.620805 | 0.613897 | 0.589145 
InterfModel=1 98 | 0.833611 | 0.878626 | 0.625333 | 0.607629 | 0.593813 
InterfModel=1 99 | 0.833611 | 0.897966 | 0.612889 | 0.611548 | 0.607148 
InterfModel=2 0 | 0.852951 | 0.966322 | 0.667704 | 0.713562 | 0.798079 
InterfModel=2 1 | 0.868623 | 0.97099 | 0.664592 | 0.736898 | 0.775674 
InterfModel=2 2 | 0.854618 | 0.964321 | 0.706667 | 0.714762 | 0.779171 
InterfModel=2 3 | 0.856285 | 0.959653 | 0.680818 | 0.737067 | 0.781704 
InterfModel=2 4 | 0.859286 | 0.965655 | 0.659702 | 0.721563 | 0.799573 
InterfModel=2 5 | 0.843948 | 0.963655 | 0.652145 | 0.732862 | 0.771303 
InterfModel=2 6 | 0.84895 | 0.966989 | 0.69082 | 0.729831 | 0.788638 
InterfModel=2 7 | 0.844615 | 0.964667 | 0.646222 | 0.750067 | 0.786105 
InterfModel=2 8 | 0.853951 | 0.966322 | 0.677928 | 0.731831 | 0.785438 
InterfModel=2 9 | 0.852 | 0.963988 | 0.643254 | 0.742632 | 0.787705 
InterfModel=2 10 | 0.851951 | 0.960987 | 0.676817 | 0.726364 | 0.785305 
InterfModel=2 11 | 0.864622 | 0.958653 | 0.666815 | 0.727564 | 0.795439 
InterfModel=2 12 | 0.850617 | 0.963321 | 0.666815 | 0.743966 | 0.786772 
InterfModel=2 13 | 0.864333 | 0.965989 | 0.670149 | 0.737565 | 0.786638 
InterfModel=2 14 | 0.845282 | 0.962988 | 0.659258 | 0.704094 | 0.815709 
InterfModel=2 15 | 0.86929 | 0.959987 | 0.662147 | 0.709523 | 0.804641 
InterfModel=2 16 | 0.861287 | 0.964988 | 0.675483 | 0.719696 | 0.806107 
InterfModel=2 17 | 0.866956 | 0.960654 | 0.671556 | 0.727297 | 0.807441 
InterfModel=2 18 | 0.867956 | 0.957986 | 0.64281 | 0.735565 | 0.791706 
InterfModel=2 19 | 0.854618 | 0.953985 | 0.657035 | 0.704894 | 0.835311 
InterfModel=2 20 | 0.857619 | 0.956652 | 0.676373 | 0.732231 | 0.78861 
InterfModel=2 21 | 0.858286 | 0.959987 | 0.657257 | 0.738933 | 0.798506 
InterfModel=2 22 | 0.846667 | 0.962654 | 0.685263 | 0.734996 | 0.781675 
InterfModel=2 23 | 0.846282 | 0.959653 | 0.652589 | 0.746233 | 0.794906 
InterfModel=2 24 | 0.862621 | 0.95065 | 0.680596 | 0.727527 | 0.790344 
InterfModel=2 25 | 0.847949 | 0.964321 | 0.670593 | 0.723526 | 0.783676 
InterfModel=2 26 | 0.851284 | 0.96032 | 0.671483 | 0.728861 | 0.787972 
InterfModel=2 27 | 0.861954 | 0.954985 | 0.687042 | 0.7296 | 0.804507 
InterfModel=2 28 | 0.852284 | 0.964333 | 0.71038 | 0.734098 | 0.764871 
InterfModel=2 29 | 0.862621 | 0.95932 | 0.655479 | 0.721696 | 0.817442 
InterfModel=2 30 | 0.852618 | 0.963655 | 0.644365 | 0.732631 | 0.793039 
InterfModel=2 31 | 0.842614 | 0.960987 | 0.653333 | 0.732764 | 0.793572 
InterfModel=2 32 | 0.864622 | 0.958333 | 0.644889 | 0.724897 | 0.777037 
InterfModel=2 33 | 0.855619 | 0.963321 | 0.677039 | 0.732898 | 0.773836 
InterfModel=2 34 | 0.857286 | 0.95932 | 0.696155 | 0.727297 | 0.807041 
InterfModel=2 35 | 0.857286 | 0.968656 | 0.66148 | 0.761435 | 0.763035 
InterfModel=2 36 | 0.847949 | 0.962654 | 0.675039 | 0.742232 | 0.776874 
InterfModel=2 37 | 0.846282 | 0.966656 | 0.657257 | 0.72543 | 0.795279 
InterfModel=2 38 | 0.851617 | 0.957667 | 0.656813 | 0.745699 | 0.791572 
InterfModel=2 39 | 0.866622 | 0.958653 | 0.696222 | 0.727297 | 0.806 
InterfModel=2 40 | 0.864622 | 0.96132 | 0.699489 | 0.714229 | 0.789172 
InterfModel=2 41 | 0.863288 | 0.962321 | 0.66926 | 0.720992 | 0.781971 
InterfModel=2 42 | 0.867956 | 0.962667 | 0.671038 | 0.734765 | 0.780904 
InterfModel=2 43 | 0.862954 | 0.94965 | 0.664814 | 0.729297 | 0.791706 
InterfModel=2 44 | 0.839947 | 0.963655 | 0.665703 | 0.707961 | 0.805707 
InterfModel=2 45 | 0.84028 | 0.960987 | 0.67415 | 0.72646 | 0.800747 
InterfModel=2 46 | 0.852618 | 0.962654 | 0.691709 | 0.723963 | 0.793011 
InterfModel=2 47 | 0.850283 | 0.963988 | 0.700822 | 0.726364 | 0.771467 
InterfModel=2 48 | 0.853284 | 0.961987 | 0.677484 | 0.747033 | 0.790878 
InterfModel=2 49 | 0.85 | 0.958653 | 0.672594 | 0.722096 | 0.804507 
InterfModel=2 50 | 0.857619 | 0.953333 | 0.670593 | 0.714095 | 0.792478 
InterfModel=2 51 | 0.863955 | 0.95932 | 0.683707 | 0.72423 | 0.787705 
InterfModel=2 52 | 0.857333 | 0.957986 | 0.669927 | 0.719029 | 0.798106 
InterfModel=2 53 | 0.858286 | 0.960654 | 0.647922 | 0.731297 | 0.80344 
InterfModel=2 54 | 0.858953 | 0.960987 | 0.67904 | 0.722363 | 0.792506 
InterfModel=2 55 | 0.857953 | 0.962988 | 0.675928 | 0.731297 | 0.771703 
InterfModel=2 56 | 0.843948 | 0.966656 | 0.699489 | 0.734329 | 0.774237 
InterfModel=2 57 | 0.853618 | 0.956667 | 0.651778 | 0.722496 | 0.798079 
InterfModel=2 58 | 0.862954 | 0.960987 | 0.677706 | 0.724763 | 0.792611 
InterfModel=2 59 | 0.84895 | 0.959333 | 0.658591 | 0.735431 | 0.78701 
InterfModel=2 60 | 0.86062 | 0.966322 | 0.658146 | 0.720133 | 0.80104 
InterfModel=2 61 | 0.841947 | 0.961987 | 0.666667 | 0.731164 | 0.799573 
InterfModel=2 62 | 0.857619 | 0.961987 | 0.657702 | 0.718896 | 0.801733 
InterfModel=2 63 | 0.864667 | 0.967667 | 0.692376 | 0.737565 | 0.773703 
InterfModel=2 64 | 0.844615 | 0.953318 | 0.666815 | 0.736898 | 0.80008 
InterfModel=2 65 | 0.852 | 0.964988 | 0.66148 | 0.732764 | 0.808349 
InterfModel=2 66 | 0.857286 | 0.958319 | 0.662814 | 0.731333 | 0.791678 
InterfModel=2 67 | 0.859333 | 0.962988 | 0.657257 | 0.725163 | 0.812375 
InterfModel=2 68 | 0.851284 | 0.963988 | 0.672816 | 0.717296 | 0.799573 
InterfModel=2 69 | 0.852618 | 0.96132 | 0.638142 | 0.743566 | 0.799173 
InterfModel=2 70 | 0.852951 | 0.962654 | 0.665259 | 0.72383 | 0.77557 
InterfModel=2 71 | 0.843281 | 0.965655 | 0.675483 | 0.7156 | 0.811308 
InterfModel=2 72 | 0.853284 | 0.968333 | 0.708222 | 0.737965 | 0.764235 
InterfModel=2 73 | 0.853284 | 0.960987 | 0.669927 | 0.707294 | 0.811842 
InterfModel=2 74 | 0.853951 | 0.954318 | 0.66148 | 0.736463 | 0.803307 
InterfModel=2 75 | 0.846616 | 0.967656 | 0.683263 | 0.714762 | 0.810641 
InterfModel=2 76 | 0.858953 | 0.959653 | 0.678818 | 0.702321 | 0.794373 
InterfModel=2 77 | 0.852284 | 0.959653 | 0.685263 | 0.72143 | 0.791305 
InterfModel=2 78 | 0.855619 | 0.960654 | 0.656146 | 0.726364 | 0.807974 
InterfModel=2 79 | 0.853951 | 0.962988 | 0.699711 | 0.727964 | 0.7828 
InterfModel=2 80 | 0.863288 | 0.965989 | 0.675483 | 0.7072 | 0.819418 
InterfModel=2 81 | 0.851284 | 0.961654 | 0.691709 | 0.726994 | 0.790905 
InterfModel=2 82 | 0.861954 | 0.968656 | 0.682374 | 0.730497 | 0.789039 
InterfModel=2 83 | 0.846282 | 0.961654 | 0.68104 | 0.72343 | 0.781971 
InterfModel=2 84 | 0.845949 | 0.96132 | 0.658667 | 0.733796 | 0.790372 
InterfModel=2 85 | 0.858286 | 0.96032 | 0.672816 | 0.704321 | 0.791972 
InterfModel=2 86 | 0.852951 | 0.961987 | 0.679707 | 0.716724 | 0.808641 
InterfModel=2 87 | 0.855952 | 0.957986 | 0.670371 | 0.736632 | 0.781275 
InterfModel=2 88 | 0.872291 | 0.957319 | 0.658591 | 0.718496 | 0.822886 
InterfModel=2 89 | 0.846616 | 0.96032 | 0.717715 | 0.713333 | 0.782875 
InterfModel=2 90 | 0.864955 | 0.957319 | 0.676373 | 0.720629 | 0.80264 
InterfModel=2 91 | 0.856 | 0.961667 | 0.702378 | 0.739165 | 0.765169 
InterfModel=2 92 | 0.865955 | 0.963321 | 0.69571 | 0.718229 | 0.79664 
InterfModel=2 93 | 0.84995 | 0.95932 | 0.659702 | 0.735698 | 0.785067 
InterfModel=2 94 | 0.850283 | 0.959987 | 0.686152 | 0.719429 | 0.806241 
InterfModel=2 95 | 0.868956 | 0.964321 | 0.675483 | 0.734 | 0.792639 
InterfModel=2 96 | 0.856619 | 0.961654 | 0.699266 | 0.722496 | 0.785009 
InterfModel=2 97 | 0.851951 | 0.964988 | 0.682374 | 0.745333 | 0.765435 
InterfModel=2 98 | 0.852284 | 0.954985 | 0.641254 | 0.718229 | 0.820643 
InterfModel=2 99 | 0.859953 | 0.962654 | 0.673483 | 0.716496 | 0.804107 

